Kinase Uniprot ID	Kinase Name	Mean Specificity Score	Mean Significance Score	Mean Final Score	Median Final score	Mean Kinase Statistic	Median Kinase Statistic	SD Kinase Statitistic	Mean peptide set size
O15075	DCAMKL1	2.04845500650403	NA	2.04845500650403	2.04845500650403	-0.342057863871257	-0.342057863871257	0	3
P45984	JNK2	1.87287841586174	NA	1.87287841586174	1.92081875395238	-0.181619442956826	-0.178962389628092	0.0144985551588843	20.8888888888889
Q9UIK4	DAPK2	1.69985556970235	NA	1.69985556970235	1.70783438781623	-0.289819002151489	-0.289819002151489	0	4
P45983	JNK1	1.46493946539369	NA	1.46493946539369	1.44369749923271	-0.156425227100014	-0.154095394270761	0.00497241746012094	27.4444444444444
P53779	JNK3	1.45888823449563	NA	1.45888823449563	1.44369749923271	-0.156382692583796	-0.154095394270761	0.00499641764326526	26.8888888888889
P28482	ERK2	1.22403849767153	NA	1.22403849767153	1.26760624017703	-0.153972208761489	-0.155393102894659	0.00812674519495605	23.6666666666667
Q16512	PKN1/PRK1	0.991579769250969	NA	0.991579769250969	1.23657200643706	-0.208103240860833	-0.251664996147156	0.0516578870923725	4.44444444444444
Q8TD08	ERK7	1.14723919328867	NA	1.14723919328867	1.14723919328867	-0.244061470031738	-0.244061470031738	0.047385196018616	3.5
O15530	PDK1	1.13355278161239	NA	1.13355278161239	1.14266750356873	-0.255922476450602	-0.255922476450602	0	3
P68400	CK2[alpha]1	1.04302433519842	NA	1.04302433519842	1.03621217265444	-0.24249807993571	-0.24249807993571	0	3
P27361	ERK1	1.0243145934735	NA	1.0243145934735	1.00877392430751	-0.146051462412352	-0.144742447396983	0.0104139489286238	23.7777777777778
O14757	CHK1	0.967513336275863	NA	0.967513336275863	0.97469413473523	-0.192975198150312	-0.196271737416585	0.00988961779882038	6.11111111111111
O15264	p38[delta]	0.827397040616205	NA	0.827397040616205	0.97469413473523	-0.143527876587595	-0.151489281654358	0.0126095027657745	18
P24941	CDK2	1.03372371468184	NA	1.03372371468184	0.943095148663527	-0.150642985841374	-0.151515420277913	0.00410278602267791	20.7777777777778
Q9UHD2	TBK1	0.856008203478428	NA	0.856008203478428	0.823908740944319	-0.179813460698203	-0.174697717030843	0.0076736155010405	6.33333333333333
P15056	BRAF	0.801482132310453	NA	0.801482132310453	0.801482132310453	-0.210335731506348	-0.210335731506348	0	3
Q16644	MAPKAPK3	0.771168454303172	NA	0.771168454303172	0.779891911959945	-0.137205036760112	-0.137251827451918	0.00975742172838062	23.7777777777778
Q16539	MAPK14	0.751994367751245	NA	0.751994367751245	0.7594507517174	-0.141709077366971	-0.142751672993536	0.00701263392456859	19.1111111111111
Q00535	CDK5	0.721698748100689	NA	0.721698748100689	0.721246399047171	-0.148138353288004	-0.142291875985953	0.00693306921110941	12.5555555555556
Q9UPZ9	ICK	0.690369832574101	NA	0.690369832574101	0.690369832574101	-0.177296280860901	-0.177296280860901	NA	4
P50750	CDK9	0.650305977620219	NA	0.650305977620219	0.649751981665837	-0.149638917711046	-0.149638917711046	0	9
P06493	CDC2/CDK1	0.646549977514961	NA	0.646549977514961	0.6345120151091	-0.132856747179211	-0.132148265838623	0.00364218635409532	21
Q8IWB6	SgK307	0.720251436299184	NA	0.720251436299184	0.627087997029893	-0.187541855706109	-0.178551038106283	0.0155725528844838	3.33333333333333
Q9UKE5	TNIK/ZC2	0.475788580037539	NA	0.475788580037539	0.609079246417527	-0.126896768808365	-0.162185549736023	0.0705775618553162	3.75
Q15118	PDHK1	0.607033560718728	NA	0.607033560718728	0.609064892896621	-0.168873945871989	-0.168873945871989	0	3
Q13164	ERK5	0.492140826536666	NA	0.492140826536666	0.562249437179612	-0.117067116617862	-0.134325654883134	0.0407491066202422	11.1111111111111
Q14164	IKK[epsilon]	0.582613378788732	NA	0.582613378788732	0.555955204081924	-0.149306905332696	-0.149162186516656	0.000935040052752668	7.44444444444444
O76039	CDKL5	0.497553041034757	NA	0.497553041034757	0.552841968657781	-0.126071094671885	-0.139622569084167	0.0384591340149849	6.2
O14920	IKK[beta]	0.450047323844407	NA	0.450047323844407	0.497572880015567	-0.133958922492133	-0.143489042917887	0.0142951806386312	5.66666666666667
P51812	RSK2	0.456129793966177	NA	0.456129793966177	0.458420756053419	-0.132466125488281	-0.132466125488281	0	5
P04049	RAF1	0.460164761488207	NA	0.460164761488207	0.455931955649724	-0.137485327544036	-0.138660669326782	0.00352602534823947	3.88888888888889
O14965	AurA/Aur2	0.456490578568842	NA	0.456490578568842	0.446116973356126	-0.142461321972035	-0.144232432047526	0.00531333022647434	3.11111111111111
P53778	p38[gamma]	0.709318236780251	NA	0.709318236780251	0.434152181326482	-0.12841913411313	-0.123174624009566	0.0410933134809543	12.4444444444444
Q96GD4	AurB/Aur1	0.464194301383463	NA	0.464194301383463	0.422508200162775	-0.137958713940212	-0.128679752349854	0.0115728983920518	3.42857142857143
P53355	DAPK1	0.421798121770661	NA	0.421798121770661	0.421798121770661	-0.137534379959106	-0.137534379959106	0	3
Q9BWU1	CDK11	0.348719110218357	NA	0.348719110218357	0.35261702988538	-0.113710130964007	-0.113710130964007	0	7
Q00534	CDK6	0.317837612293829	NA	0.317837612293829	0.311580177997289	-0.109671862037094	-0.108071645100911	0.00480065080854628	8.88888888888889
P50613	CDK7	0.296500610651909	NA	0.296500610651909	0.294136287716081	-0.107262060263328	-0.107826828956604	0.00801588342010735	12.1111111111111
Q13535	ATR	0.295988748335424	NA	0.295988748335424	0.289036881004724	-0.107614876731994	-0.107753413064139	0.000415608996436709	6.88888888888889
Q15759	p38[beta]	0.299959049889798	NA	0.299959049889798	0.28316947663552	-0.104246934381112	-0.0999985592705863	0.0111282117846783	6.5
P49137	MAPKAPK2	0.2442120521889	NA	0.2442120521889	0.282329496997738	-0.103298610495087	-0.106744716041966	0.00938566281733687	21.6666666666667
Q13131	AMPK[alpha]1	0.210359536235054	NA	0.210359536235054	0.269217724333611	-0.0880108651240246	-0.106513049867418	0.0242132521897493	8.33333333333333
P05771	PKC[beta]	0.258534917341982	NA	0.258534917341982	0.267606240177031	-0.0984296003977458	-0.0984296003977458	0	6
P48730	CK1[delta]	0.254054722153256	NA	0.254054722153256	0.262810270908725	-0.0923562049865723	-0.0923562049865723	0	3
Q96Q40	PFTAIRE2	0.251312268899566	NA	0.251312268899566	0.248720896016658	-0.0945192337036133	-0.101427316665649	0.0277787694988147	5.88888888888889
O15111	IKK[alpha]	0.295840211942648	NA	0.295840211942648	0.247183568811729	-0.107177109188504	-0.0938471953074137	0.0199948708216349	5.66666666666667
Q00537	PCTAIRE2	0.241122749973813	NA	0.241122749973813	0.242603971206976	-0.0875072479248047	-0.0875072479248047	0	3
P16066	ANP[alpha]	0.218818300780181	NA	0.218818300780181	0.230622673923862	-0.0997011784472807	-0.0983076656565947	0.00648113655012502	17.6666666666667
P11802	CDK4	0.203840688329989	NA	0.203840688329989	0.224753740259764	-0.0901452585502907	-0.0950486183166504	0.014710079299079	10.2222222222222
Q96L96	AlphaK1	0.246064434016215	NA	0.246064434016215	0.220403508742175	-0.0918600029415554	-0.0836256742477417	0.0142622756639077	3.66666666666667
Q00532	CDKL1	0.230932767217725	NA	0.230932767217725	0.207608310501746	-0.0936574427286784	-0.089655876159668	0.0119196479368813	5.2
P49674	CK1[epsilon]	0.174464577780319	NA	0.174464577780319	0.156144577376839	-0.0733249673136958	-0.0674811601638794	0.0115959453211766	3.77777777777778
O60285	NuaK1	0.146620060149278	NA	0.146620060149278	0.145088671990763	-0.0628423690795898	-0.0628423690795898	0	4
Q15418	RSK3	0.15141399187725	NA	0.15141399187725	0.145086977692144	-0.0757887704031808	-0.0757887704031808	0	7
P49840	GSK3[alpha]	0.115950816534602	NA	0.115950816534602	0.129596094720973	-0.0634860574253022	-0.0733795762062073	0.0215741540550109	7
P41743	PKC[iota]	0.120286753071687	NA	0.120286753071687	0.126098402135539	-0.0757263715734338	-0.0724855119531805	0.00820746495224565	11.5555555555556
Q15349	RSK1/p90RSK	0.114872792103129	NA	0.114872792103129	0.118045028660399	0.0507610638936361	0.0507610638936361	0	3
O95819	HGK/ZC1	0.195491478381257	NA	0.195491478381257	0.11690664142431	-0.0758626983279274	-0.0567366600036621	0.0470851463995954	4.71428571428571
O00141	SGK1	0.113454168943408	NA	0.113454168943408	0.109020403010311	-0.0521682103474935	-0.0521682103474935	0	3
O96017	CHK2	0.150812723467455	NA	0.150812723467455	0.0990869322623309	-0.0828899449152092	-0.0771832307179769	0.021970411039796	15
Q15131	CDK10	0.0959956570183236	NA	0.0959956570183236	0.0947439512515487	-0.0496425306986249	-0.0506955146789551	0.00654992097656513	4.88888888888889
Q6ZWH5	Nek10	0.0971527236444888	NA	0.0971527236444888	0.0936649581949093	0.0458882649739583	0.0458882649739583	0	3
O94921	PFTAIRE1	0.0806927222397435	NA	0.0806927222397435	0.0893755951107988	-0.0383281026567732	-0.0441577434539795	0.0154237797822443	3.85714285714286
Q9UBS0	p70S6K[beta]	0.0847672270871823	NA	0.0847672270871823	0.0798766737092761	-0.0712624474163394	-0.0716952126601647	0.0181565698405679	17.2222222222222
P48729	CK1[alpha]	0.0925946988159725	NA	0.0925946988159725	0.0788339493622613	-0.0653912716613703	-0.0696779659816197	0.0189405911873185	11.1111111111111
Q00526	CDK3	0.150947651557027	NA	0.150947651557027	0.0726296369609765	-0.0763777579952395	-0.0648040404686561	0.028398672681641	14.6666666666667
P42345	mTOR/FRAP	0.110275118971466	NA	0.110275118971466	0.0675262353228468	0.0546434932284885	0.0424266815185547	0.0213318729093679	4.88888888888889
Q05513	PKC[zeta]	0.0617352168424742	NA	0.0617352168424742	0.0655015487564323	-0.0474130571203888	-0.0504894852638245	0.00882161634000119	8.22222222222222
O43930	PRKY	0.165922175981364	NA	0.165922175981364	0.0624821079826534	-0.0506584066404867	-0.0613338798284531	0.0683671996346052	8.55555555555556
O75116	ROCK2	0.0633310351693309	NA	0.0633310351693309	0.0615125571756008	0.0282599727312724	0.0282599727312724	0.0128405240502025	3.5
Q16566	CaMK4	0.105221098481943	NA	0.105221098481943	0.0614802748235081	0.0474136195485554	0.0410021940867106	0.0369957170284627	6.22222222222222
Q9UQM7	CaMK2[alpha]	0.0605059776145015	NA	0.0605059776145015	0.058488567365597	-0.0298694968223572	-0.0298694968223572	0	4
P49841	GSK3[beta]	0.0566220678276894	NA	0.0566220678276894	0.051587034221399	-0.0381345244311782	-0.0378176144191197	0.00689787259466003	6.55555555555556
Q15139	PKD1	0.0493583736162077	NA	0.0493583736162077	0.0476919903378748	0.0235756238301595	0.0235756238301595	0	3
Q13237	PKG2	0.0581700907415501	NA	0.0581700907415501	0.0457574905606751	-0.0796744140491834	-0.0804088280118745	0.00884043836283853	28.2222222222222
Q9HBY8	SGK2	0.0739236277085548	NA	0.0739236277085548	0.0438315695246367	-0.0585421974049901	-0.0542425314585368	0.0235087647214816	12
O43293	DAPK3	0.0740308393956903	NA	0.0740308393956903	0.0296531237699066	-0.0308332244555155	-0.0154198010762533	0.034465462442015	3.2
P41279	COT	0.0295695045665122	NA	0.0295695045665122	0.0268721464003014	0.0121713055504693	0.0169975280761719	0.0144786675771078	4.88888888888889
Q13464	ROCK1	0.0264270577319436	NA	0.0264270577319436	0.026416507430051	-0.0119568506876628	-0.0119568506876628	0	3
P05129	PKC[gamma]	0.064378889511132	NA	0.064378889511132	0.0222763947111523	-0.0409520690823779	-0.0255887243482802	0.0261526631798223	8.44444444444444
P17612	PKA[alpha]	0.0259285667902029	NA	0.0259285667902029	0.0204516252959049	-0.0737994189704279	-0.0750622328589944	0.00622924345121449	34.4444444444444
P23443	p70S6K	0.0192353134604204	NA	0.0192353134604204	0.0195421077238999	-0.0138050806042964	-0.0249539071863348	0.0330094993795296	11.6666666666667
Q9P1W9	Pim2	0.0269783174447029	NA	0.0269783174447029	0.0168249279621871	-0.0639665133539188	-0.0628370761871338	0.00443537401169372	23.7777777777778
P11309	Pim1	0.0160302026440843	NA	0.0160302026440843	0.0150228735845067	-0.0781660223623648	-0.0782094531589084	0.00222653821334502	41.3333333333333
Q13976	PKG1	0.0273012247915164	NA	0.0273012247915164	0.0150228735845067	-0.0633589628170614	-0.0595150965231436	0.0104750371166686	26.5555555555556
Q86V86	Pim3	0.0129120599589235	NA	0.0129120599589235	0.0132282657337552	-0.0728851216220102	-0.0737957894802093	0.00380106932810547	36.8888888888889
Q8NI60	ADCK3	0.0483877716994687	NA	0.0483877716994687	0.0105501823333082	-0.0119698400850649	0.0034271240234375	0.0334057914741667	4.77777777777778
P51817	PRKX	0.0114821978556423	NA	0.0114821978556423	0.00788851221305034	-0.0479565813739979	-0.0574346597378071	0.0200824555687736	21.8888888888889
Q02156	PKC[epsilon]	0.0070184170541937	NA	0.0070184170541937	0.00788851221305034	-0.0228936351968456	-0.0254113833109538	0.00399423677915766	13.7777777777778
P24723	PKC[eta]	0.0834457691844171	NA	0.0834457691844171	0.00700490156865849	-0.0425972039009625	-0.0272781508309501	0.0360613355143212	10
Q05655	PKC[delta]	0.00850969921485292	NA	0.00850969921485292	0.00700490156865849	-0.0243713943014471	-0.022794348852975	0.00259749599892339	13.3333333333333
O43318	MAP3K7	0.00348832784582135	NA	0.00348832784582135	0.00348832784582135	-0.00290838877360026	-0.00290838877360026	NA	3
P31751	Akt2/PKB[beta]	0.00472597366767767	NA	0.00472597366767767	0.00261361560268669	-0.00963898176421594	-0.0124161839485168	0.0182265955711657	15.4444444444444
P17252	PKC[alpha]	0.00262188276016151	NA	0.00262188276016151	0.00174066157630127	-0.0235071553725768	-0.0258182977375231	0.00561833746501243	17.6666666666667
P31749	Akt1/PKB[alpha]	0.00320899942258438	NA	0.00320899942258438	0.00174066157630127	-0.0149014240422014	-0.0245067696822317	0.0209303918922144	17.5555555555556
Q04759	PKC[theta]	0.00184038836529964	NA	0.00184038836529964	0.000869458712628891	-0.0127654971657219	-0.0108393522409292	0.00304818993635606	13.7777777777778
