Kinase Uniprot ID	Kinase Name	Mean Specificity Score	Mean Significance Score	Mean Final Score	Median Final score	Mean Kinase Statistic	Median Kinase Statistic	SD Kinase Statitistic	Mean peptide set size
O14757	CHK1	1.94107334123889	NA	1.94107334123889	2.09691001300806	0.251325027629583	0.253637942400846	0.0130017600428144	10.8888888888889
Q86V86	Pim3	1.90172700591794	NA	1.90172700591794	1.65757731917779	-0.103770251894161	-0.102055266499519	0.0106992592640905	57.4444444444444
P11309	Pim1	1.65210033655052	NA	1.65210033655052	1.58502665202918	-0.0949440496715122	-0.093334681221417	0.00620166654935437	61
Q8IVW4	CDKL3	1.49485002168009	NA	1.49485002168009	1.49485002168009	0.450953245162964	0.450953245162964	NA	3
Q9P1W9	Pim2	1.43627177157667	NA	1.43627177157667	1.31875876262441	-0.11847008623084	-0.121197730302811	0.0105849522634814	37.5555555555556
Q9Y6S9	RSKL2	0.958357331071405	NA	0.958357331071405	0.972463808775291	-0.298102766275406	-0.298102766275406	0.00566308718784946	3.5
Q04759	PKC[theta]	1.0269696209561	NA	1.0269696209561	0.958607314841775	-0.128244779651063	-0.132033007485526	0.0117121002622966	23
Q96Q40	PFTAIRE2	1.02186368441922	NA	1.02186368441922	0.950781977329818	0.242481593480186	0.232184648513794	0.041320175795811	5.88888888888889
O15530	PDK1	0.904756147424261	NA	0.904756147424261	0.913640169325252	-0.318304061889648	-0.318304061889648	0	3
Q15118	PDHK1	1.20418651432294	NA	1.20418651432294	0.866461091629782	-0.354282442066405	-0.311028560002645	0.0648808230956396	3.33333333333333
Q13976	PKG1	0.803401548132639	NA	0.803401548132639	0.785156151952302	-0.0886358973194445	-0.0815572319804011	0.0213738247976863	37.1111111111111
P53355	DAPK1	0.780018032039548	NA	0.780018032039548	0.780018032039548	0.293147087097168	0.293147087097168	0	3
P68400	CK2[alpha]1	0.706173261201103	NA	0.706173261201103	0.774690718274137	0.22610146911056	0.247291684150696	0.0635706451204088	3.88888888888889
Q8NI60	ADCK3	0.761205090226174	NA	0.761205090226174	0.730487055782084	-0.160301673158117	-0.145219412716952	0.0286589869850415	9.77777777777778
Q16539	MAPK14	0.814568799162183	NA	0.814568799162183	0.72584215073632	0.139841417620561	0.124319259936993	0.0291874988386887	15.2222222222222
Q13153	PAK1	0.714245124881861	NA	0.714245124881861	0.721246399047171	-0.19167160987854	-0.19167160987854	0	6
P49841	GSK3[beta]	0.694544528084484	NA	0.694544528084484	0.669586226650809	0.190468377537198	0.184992969036102	0.0164262255032857	5.88888888888889
P50613	CDK7	0.467639815658382	NA	0.467639815658382	0.616184634019569	-0.101152866017279	-0.118942268192768	0.0254480074842057	12.1111111111111
Q05513	PKC[zeta]	0.618437846588704	NA	0.618437846588704	0.616184634019569	-0.142404365820515	-0.146733363469442	0.0088825390925795	9.55555555555556
Q96L96	AlphaK1	0.678412977912635	NA	0.678412977912635	0.605548319173784	0.235953311125437	0.199913293123245	0.0624231422854938	3.66666666666667
O95819	HGK/ZC1	0.52142012616681	NA	0.52142012616681	0.552841968657781	-0.162404741154236	-0.171605626742045	0.0270706941528406	5.71428571428571
P17252	PKC[alpha]	0.563326020529629	NA	0.563326020529629	0.534617148551582	-0.0792389783783054	-0.0746777942103724	0.0122983387981112	28.2222222222222
P04049	RAF1	0.509458177946984	NA	0.509458177946984	0.508638306165727	-0.15249728096856	-0.154531383514404	0.00653904542460009	6.33333333333333
P42345	mTOR/FRAP	0.405710248991283	NA	0.405710248991283	0.503070351926785	-0.14174919128418	-0.158087348937988	0.0765176641944219	4.88888888888889
Q96GD4	AurB/Aur1	0.528312824276664	NA	0.528312824276664	0.503070351926785	0.167147448327806	0.162895941734314	0.00991976656319322	5.11111111111111
P24723	PKC[eta]	0.526303684539713	NA	0.526303684539713	0.494850021680094	-0.0950284541516342	-0.0887816429138184	0.0387335816680484	14.4444444444444
O14965	AurA/Aur2	0.520806424369345	NA	0.520806424369345	0.492144128304169	-0.171000145982813	-0.16620192527771	0.014394662115309	5.11111111111111
O43293	DAPK3	0.477211890490845	NA	0.477211890490845	0.492144128304169	0.196080106276053	0.202801545461019	0.0201643175548977	3.11111111111111
P48730	CK1[delta]	0.427936022588272	NA	0.427936022588272	0.448550002027125	0.180649602854693	0.195265213648478	0.0290019535647495	3.22222222222222
P05771	PKC[beta]	0.451012603668044	NA	0.451012603668044	0.443697499232713	-0.111019587516785	-0.111019587516785	0	10
Q14164	IKK[epsilon]	0.524866922315055	NA	0.524866922315055	0.431798275933005	-0.144287508284604	-0.118354067206383	0.0603242159641201	7.55555555555556
Q00534	CDK6	0.43573229354083	NA	0.43573229354083	0.408935392973501	0.138907650665001	0.130658010641734	0.0247489200698005	5.88888888888889
Q15418	RSK3	0.376783216407312	NA	0.376783216407312	0.374687549038326	-0.0963994979858398	-0.0963994979858398	0	10
O75582	MSK1	0.381334227234788	NA	0.381334227234788	0.372634143407267	-0.108968526124954	-0.108968526124954	0	8
Q00526	CDK3	0.335040837895117	NA	0.335040837895117	0.370590400897281	-0.0848661348311804	-0.100195497274399	0.0271996710712235	11.5555555555556
Q13164	ERK5	0.375691850260857	NA	0.375691850260857	0.368556230986828	-0.0853726399086771	-0.0959759116172791	0.071144409227237	13.8888888888889
Q15349	RSK1/p90RSK	0.349147000991976	NA	0.349147000991976	0.354577730650908	-0.116297165552775	-0.116297165552775	0	6
O15075	DCAMKL1	0.339446015852433	NA	0.339446015852433	0.34576474905067	-0.150208537777265	-0.150208537777265	0.0406494219333038	3.5
P11802	CDK4	0.314212179050373	NA	0.314212179050373	0.326058001365912	0.0980894222619041	0.101936970438276	0.0115426445291156	7.11111111111111
O14920	IKK[beta]	0.359429009045441	NA	0.359429009045441	0.322393047279507	-0.156714046001434	-0.147223472595215	0.0212215672817585	3.2
P10398	ARAF	0.320415777148138	NA	0.320415777148138	0.322393047279507	-0.146080334981283	-0.146080334981283	0	3
P15056	BRAF	0.32866888230656	NA	0.32866888230656	0.322393047279507	-0.145533354635592	-0.146080334981283	0.00434890539212993	3.33333333333333
P31749	Akt1/PKB[alpha]	0.384253953301783	NA	0.384253953301783	0.318758762624413	-0.0565485753017564	-0.0496012342387232	0.0314343561400501	30.1111111111111
Q8IWB6	SgK307	0.250622485724815	NA	0.250622485724815	0.318758762624413	-0.106544916276579	-0.131454646587372	0.0482629462868334	4.44444444444444
P51817	PRKX	0.422456941705557	NA	0.422456941705557	0.297569463554475	-0.0608168894755726	-0.0682340012656318	0.0184686166772032	30.7777777777778
Q16566	CaMK4	0.195280571670179	NA	0.195280571670179	0.295849483160201	0.0500673586789071	0.0762871861457825	0.038634298968758	12.5555555555556
P24941	CDK2	0.303800062875964	NA	0.303800062875964	0.292429823902064	-0.0635167203274331	-0.056102991104126	0.0175914243881206	18.5555555555556
Q13627	DYRK1A	0.281016556083473	NA	0.281016556083473	0.281537214386	0.126315991083781	0.126315991083781	0	3
Q02156	PKC[epsilon]	0.241074556736577	NA	0.241074556736577	0.274088367704952	-0.0416575140001415	-0.0593768298625946	0.0322038728059683	19.4444444444444
O96017	CHK2	0.24143848256009	NA	0.24143848256009	0.27083521030723	0.0476504871867578	0.0577392437878777	0.0338193707612263	20
O76039	CDKL5	0.291266348138723	NA	0.291266348138723	0.255707721844756	-0.103422365585963	-0.10467654466629	0.0215263888119349	5.625
Q13535	ATR	0.279626024452639	NA	0.279626024452639	0.253365801062421	0.0861054299369691	0.0804699063301086	0.0169065708205813	7.88888888888889
O60285	NuaK1	0.24544009273145	NA	0.24544009273145	0.230645285184459	0.102080014016893	0.0895738204320272	0.0274438459846001	5.16666666666667
P51812	RSK2	0.235332467376119	NA	0.235332467376119	0.230622673923862	-0.0715157720777723	-0.0715157720777723	0	9
Q15139	PKD1	0.224077034751753	NA	0.224077034751753	0.218963061378868	-0.092302131652832	-0.092302131652832	0	5
P49137	MAPKAPK2	0.29025791461809	NA	0.29025791461809	0.217527375833714	0.0459442306175296	0.0374469496309757	0.0324061198679299	31.3333333333333
Q9HBY8	SGK2	0.253443048817853	NA	0.253443048817853	0.210419287835575	0.0633957550754651	0.0456538092006337	0.0555899426799948	16.5555555555556
O75676	MSK2	0.201450409210739	NA	0.201450409210739	0.20342566678957	-0.103264093399048	-0.103264093399048	0	3
O15264	p38[delta]	0.266787237455262	NA	0.266787237455262	0.193820026016113	0.0528366535287387	0.0359995419328863	0.0326001264720015	19.3333333333333
Q00537	PCTAIRE2	0.193820026016113	NA	0.193820026016113	0.193820026016113	-0.104911009470622	-0.104911009470622	NA	3
O00141	SGK1	0.192546109661845	NA	0.192546109661845	0.192464971931147	-0.0963980356852214	-0.0963980356852214	0	3
P49674	CK1[epsilon]	0.181020915689835	NA	0.181020915689835	0.188424994129407	0.0828800572289361	0.0863049626350403	0.0102747162183126	4.11111111111111
Q13131	AMPK[alpha]1	0.397288876121609	NA	0.397288876121609	0.180456064458131	0.0922645275918847	0.0512236998631404	0.0695916162421535	10.7777777777778
P50750	CDK9	0.201238047710753	NA	0.201238047710753	0.17134010346468	0.0643545830691302	0.0545896954006619	0.0146473315027025	8.66666666666667
Q16512	PKN1/PRK1	0.162132463988321	NA	0.162132463988321	0.170053304058364	-0.0606254314829643	-0.0712124903996785	0.0175839256725934	7
Q9UHD2	TBK1	0.19905293892996	NA	0.19905293892996	0.159893905543242	-0.0702995363366667	-0.0753843188285828	0.0412216025926867	5.66666666666667
Q13237	PKG2	0.174673032592681	NA	0.174673032592681	0.153662887870195	-0.0289283945895537	-0.0296252883713821	0.0154619574253448	34.1111111111111
P53778	p38[gamma]	0.173556168556899	NA	0.173556168556899	0.151195298948196	-0.0255301925319212	-0.053180456161499	0.0589659352614432	10.3333333333333
Q15131	CDK10	0.133313618699737	NA	0.133313618699737	0.1438755557577	-0.0520288502728498	-0.0627684593200684	0.0364924331295047	5
P27361	ERK1	0.125792665023495	NA	0.125792665023495	0.140261433802853	-0.00728953560325112	-0.0165284623702367	0.0305293022528744	21.3333333333333
Q92772	CDKL2	0.122821441882517	NA	0.122821441882517	0.134896429512769	0.0617027017805311	0.0711533228556315	0.0231491993863889	3.33333333333333
P17612	PKA[alpha]	0.127673499847712	NA	0.127673499847712	0.130768280269024	-0.0196799499013076	-0.0240744853019714	0.0126166429367394	51.1111111111111
Q15759	p38[beta]	0.121211849633896	NA	0.121211849633896	0.129673412592878	-0.0429514861926831	-0.0649724560124534	0.0470258003707311	6.66666666666667
Q05655	PKC[delta]	0.121068819773679	NA	0.121068819773679	0.1249387366083	-0.0262284015068	-0.0275563727254453	0.00606940901367625	22.7777777777778
P41279	COT	0.127222975623773	NA	0.127222975623773	0.123782159408358	0.0573472499847412	0.0573472499847412	0	5
O94921	PFTAIRE1	0.120921572640536	NA	0.120921572640536	0.123205406769292	0.0676992734273275	0.0676992734273275	0	3
P31751	Akt2/PKB[beta]	0.204485684993663	NA	0.204485684993663	0.118045028660399	-0.0348635521586588	-0.0228689872857296	0.0308483415562978	28.8888888888889
Q00532	CDKL1	0.155022672881885	NA	0.155022672881885	0.116347841273363	-0.0105663730353905	-0.0422794137682234	0.0645374443618468	6.16666666666667
Q00535	CDK5	0.110102225215633	NA	0.110102225215633	0.109020403010311	0.0357130289077759	0.0357130289077759	0	10
Q9UKE5	TNIK/ZC2	0.10709108430246	NA	0.10709108430246	0.108462900159915	-0.0527911186218262	-0.0527911186218262	0	3
P45984	JNK2	0.110350175962237	NA	0.110350175962237	0.103473782510445	0.02392345134405	0.024263165213845	0.0147596351478931	21
Q9UPZ9	ICK	0.343001571480092	NA	0.343001571480092	0.100179497572904	0.047577291727066	-0.0544543266296387	0.17672394697229	3.33333333333333
P28482	ERK2	0.129130341680462	NA	0.129130341680462	0.0904439707588247	0.0299586379166442	0.0228451209909776	0.0208877339905459	19.2222222222222
P23443	p70S6K	0.165467245973802	NA	0.165467245973802	0.087246696328677	-0.032811547671632	-0.0217134576094778	0.0420576877605322	18.8888888888889
P06493	CDC2/CDK1	0.0828653395648821	NA	0.0828653395648821	0.0767559813697235	0.0180410272005876	0.0190458238124847	0.0205712718306886	16.4444444444444
O75116	ROCK2	0.14933028422476	NA	0.14933028422476	0.0700947286283914	-0.0261170532731783	-0.00708937048912048	0.0688853137791021	4.5
Q9BWU1	CDK11	0.0714660152371737	NA	0.0714660152371737	0.0695604052332999	-0.0363503098487854	-0.0363503098487854	0	4
P41743	PKC[iota]	0.109162208957866	NA	0.109162208957866	0.0614802748235081	0.0258927093877716	0.015812224149704	0.0222309265627988	17.1111111111111
Q9UQM7	CaMK2[alpha]	0.0630877978949345	NA	0.0630877978949345	0.0614802748235081	-0.0389025211334229	-0.0389025211334229	0	3
P16066	ANP[alpha]	0.0636507547439584	NA	0.0636507547439584	0.0574958938319193	-0.0130897648049481	-0.0130032565858629	0.00490641180769337	25.1111111111111
P48729	CK1[alpha]	0.0636898695428575	NA	0.0636898695428575	0.0565054840938974	-0.0150677226464801	-0.0150631482784565	0.0171503417806947	11.2222222222222
O43930	PRKY	0.0846419518357204	NA	0.0846419518357204	0.0535477349869269	0.0182856219129167	0.00752003788948059	0.0405692432558422	10.8888888888889
Q9UBS0	p70S6K[beta]	0.0753970993351254	NA	0.0753970993351254	0.0486624812040823	0.00769395814314805	0.00526608361138238	0.0234825624719598	22.5555555555556
P49840	GSK3[alpha]	0.0441581402692562	NA	0.0441581402692562	0.0438315695246367	-0.0145040860882512	-0.0224869251251221	0.0205537518106542	4.66666666666667
Q96S38	RSKL1	0.0431710101899829	NA	0.0431710101899829	0.0409586076789064	-0.0236968994140625	-0.0236968994140625	0	3
Q13464	ROCK1	0.0502048434419669	NA	0.0502048434419669	0.0400051616715838	-0.00872047969273158	-0.000380945205688477	0.0345373613142928	4.71428571428571
P45983	JNK1	0.044332289759252	NA	0.044332289759252	0.0343280287798933	0.00930293219169111	0.00701905941141063	0.00729210967146514	28.4444444444444
P53779	JNK3	0.0798831105720915	NA	0.0798831105720915	0.0343280287798933	0.0156035553826045	0.00701905941141063	0.0194442391917338	27.7777777777778
Q16644	MAPKAPK3	0.0953556706070345	NA	0.0953556706070345	0.0195421077238999	0.0125435577548968	0.00237823384148734	0.0285836744153292	34.8888888888889
Q8TD08	ERK7	0.0177287669604316	NA	0.0177287669604316	0.0177287669604316	-0.00948947668075562	-0.00948947668075562	NA	4
P05129	PKC[gamma]	0.0608074400069327	NA	0.0608074400069327	0.0168249279621871	-0.0067805025723019	0.00451327164967855	0.0276970980645588	14.3333333333333
Q9UIK4	DAPK2	0.289529959431903	NA	0.289529959431903	0.0159229660971692	0.0897423965590341	-0.00492135116032192	0.129529554944772	5.77777777777778
