BioNavigator Version	6.3.67.0	PamGrid Version	QuantitationType	Median_SigmBg	Protocol file name	Image Analysis_STKDate	Sat, 05 Jun 2021 10:43:06 GMT
	Barcode	710317412	710317412	710317412	710317412	710317412	710317412	710317412	710317412	710317412	710317412	710317412	710317412	710317412	710317412	710317412	710317412	710317412	710317412	710317412	710317412	710373109	710373109	710373109	710373109	710373109	710373109	710373109	710373109	710373109	710373109	710373109	710373109	710373109	710373109	710373109	710373109	710373109	710373109	710373109	710373109	710373115	710373115	710373115	710373115	710373115	710373115	710373115	710373115	710373115	710373115	710373115	710373115	710373115	710373115	710373115	710373115	710373115	710373115	710373115	710373115
	Exposure time	10.0	20.0	50.0	100.0	200.0	10.0	20.0	50.0	100.0	200.0	10.0	20.0	50.0	100.0	200.0	10.0	20.0	50.0	100.0	200.0	10.0	20.0	50.0	100.0	200.0	10.0	20.0	50.0	100.0	200.0	10.0	20.0	50.0	100.0	200.0	10.0	20.0	50.0	100.0	200.0	10.0	20.0	50.0	100.0	200.0	10.0	20.0	50.0	100.0	200.0	10.0	20.0	50.0	100.0	200.0	10.0	20.0	50.0	100.0	200.0
	Cycle	124	124	124	124	124	124	124	124	124	124	124	124	124	124	124	124	124	124	124	124	124	124	124	124	124	124	124	124	124	124	124	124	124	124	124	124	124	124	124	124	124	124	124	124	124	124	124	124	124	124	124	124	124	124	124	124	124	124	124	124
	Array	A1	A1	A1	A1	A1	A2	A2	A2	A2	A2	A3	A3	A3	A3	A3	A4	A4	A4	A4	A4	A1	A1	A1	A1	A1	A2	A2	A2	A2	A2	A3	A3	A3	A3	A3	A4	A4	A4	A4	A4	A1	A1	A1	A1	A1	A2	A2	A2	A2	A2	A3	A3	A3	A3	A3	A4	A4	A4	A4	A4
	Sample name	SCZ_446	SCZ_446	SCZ_446	SCZ_446	SCZ_446	CTL_882	CTL_882	CTL_882	CTL_882	CTL_882	SCZ_585	SCZ_585	SCZ_585	SCZ_585	SCZ_585	CTL_834	CTL_834	CTL_834	CTL_834	CTL_834	PIM1_0.025_DMSO	PIM1_0.025_DMSO	PIM1_0.025_DMSO	PIM1_0.025_DMSO	PIM1_0.025_DMSO	PIM1_0.025_10DEBC_1mM	PIM1_0.025_10DEBC_1mM	PIM1_0.025_10DEBC_1mM	PIM1_0.025_10DEBC_1mM	PIM1_0.025_10DEBC_1mM	PIM1_0.025_THIOR_1mM	PIM1_0.025_THIOR_1mM	PIM1_0.025_THIOR_1mM	PIM1_0.025_THIOR_1mM	PIM1_0.025_THIOR_1mM	PIM1_0.025_TRIFLUO_1mM	PIM1_0.025_TRIFLUO_1mM	PIM1_0.025_TRIFLUO_1mM	PIM1_0.025_TRIFLUO_1mM	PIM1_0.025_TRIFLUO_1mM	PIM1_0.025_DMSO	PIM1_0.025_DMSO	PIM1_0.025_DMSO	PIM1_0.025_DMSO	PIM1_0.025_DMSO	PIM1_0.025_10DEBC_1mM	PIM1_0.025_10DEBC_1mM	PIM1_0.025_10DEBC_1mM	PIM1_0.025_10DEBC_1mM	PIM1_0.025_10DEBC_1mM	PIM1_0.025_PROCHLOR_1mM	PIM1_0.025_PROCHLOR_1mM	PIM1_0.025_PROCHLOR_1mM	PIM1_0.025_PROCHLOR_1mM	PIM1_0.025_PROCHLOR_1mM	PIM1_0.025_CHLORPR_1mM	PIM1_0.025_CHLORPR_1mM	PIM1_0.025_CHLORPR_1mM	PIM1_0.025_CHLORPR_1mM	PIM1_0.025_CHLORPR_1mM
ID
#REF		36.0	72.0	182.0	347.0	724.0	50.0	104.0	251.0	505.0	995.0	56.0	108.0	272.0	541.0	1061.0	53.0	101.0	266.0	525.0	1054.0	119.0	231.0	578.0	1150.0	2248.0	121.0	238.0	595.0	1167.0	2322.0	124.0	242.0	609.0	1207.0	2372.0	117.0	232.0	582.0	1168.0	2305.0	113.0	221.0	558.0	1094.0	2166.0	108.0	208.0	519.0	1069.0	2042.0	104.0	206.0	507.0	1001.0	1982.0	108.0	209.0	514.0	1028.0	2037.0
#REF		37.0	70.0	179.0	352.0	705.0	53.0	105.0	257.0	527.0	1030.0	55.0	109.0	278.0	545.0	1087.0	54.0	109.0	264.0	540.0	1070.0	103.0	200.0	504.0	994.0	1972.0	106.0	204.0	518.0	1022.0	2043.0	104.0	208.0	517.0	1033.0	2039.0	103.0	205.0	503.0	1012.0	1980.0	94.0	197.0	476.0	971.0	1879.0	93.0	183.0	449.0	918.0	1762.0	92.0	187.0	463.0	935.0	1844.0	93.0	185.0	456.0	912.0	1831.0
#REF		36.0	71.0	177.0	365.0	734.0	51.0	107.0	257.0	497.0	1008.0	55.0	107.0	272.0	534.0	1079.0	53.0	110.0	279.0	560.0	1109.0	100.0	198.0	504.0	999.0	1965.0	108.0	208.0	510.0	1016.0	2018.0	101.0	204.0	515.0	1019.0	2035.0	102.0	198.0	497.0	1003.0	1956.0	96.0	201.0	498.0	962.0	1915.0	89.0	177.0	435.0	895.0	1720.0	88.0	174.0	435.0	862.0	1730.0	90.0	177.0	444.0	889.0	1760.0
#REF		37.0	75.0	193.0	381.0	769.0	56.0	113.0	286.0	568.0	1116.0	59.0	117.0	292.0	557.0	1136.0	55.0	117.0	279.0	570.0	1124.0	121.0	235.0	594.0	1173.0	2308.0	119.0	236.0	580.0	1154.0	2304.0	119.0	241.0	598.0	1193.0	2343.0	119.0	236.0	584.0	1154.0	2306.0	109.0	210.0	567.0	1048.0	2154.0	105.0	207.0	522.0	1064.0	2050.0	102.0	205.0	505.0	985.0	1959.0	106.0	209.0	521.0	1041.0	2086.0
#REF		50.0	98.0	255.0	496.0	995.0	68.0	139.0	345.0	700.0	1402.0	73.0	139.0	353.0	705.0	1392.0	77.0	155.0	379.0	749.0	1500.0	145.0	282.0	701.0	1404.0	2754.0	149.0	289.0	724.0	1435.0	2807.0	151.0	303.0	761.0	1521.0	2991.0	150.0	295.0	741.0	1475.0	2890.0	137.0	268.0	670.0	1357.0	2603.0	132.0	263.0	673.0	1342.0	2633.0	128.0	261.0	659.0	1305.0	2600.0	140.0	273.0	681.0	1365.0	2704.0
#REF		47.0	92.0	243.0	474.0	938.0	66.0	130.0	323.0	649.0	1288.0	73.0	138.0	356.0	700.0	1372.0	71.0	142.0	349.0	704.0	1372.0	140.0	273.0	691.0	1381.0	2706.0	141.0	278.0	690.0	1356.0	2669.0	146.0	299.0	744.0	1468.0	2885.0	147.0	290.0	720.0	1434.0	2839.0	130.0	263.0	636.0	1276.0	2521.0	127.0	252.0	620.0	1252.0	2482.0	129.0	246.0	630.0	1257.0	2472.0	138.0	276.0	679.0	1358.0	2700.0
#REF		50.0	94.0	240.0	467.0	939.0	65.0	130.0	326.0	637.0	1271.0	69.0	142.0	360.0	684.0	1365.0	72.0	152.0	359.0	728.0	1467.0	125.0	252.0	624.0	1235.0	2434.0	124.0	250.0	603.0	1183.0	2411.0	130.0	258.0	678.0	1284.0	2503.0	129.0	253.0	629.0	1259.0	2468.0	121.0	241.0	587.0	1220.0	2244.0	115.0	234.0	576.0	1153.0	2279.0	112.0	227.0	584.0	1165.0	2298.0	120.0	242.0	600.0	1198.0	2409.0
#REF		51.0	96.0	246.0	473.0	953.0	70.0	140.0	336.0	673.0	1341.0	76.0	148.0	372.0	743.0	1469.0	74.0	146.0	362.0	742.0	1454.0	129.0	250.0	632.0	1279.0	2523.0	129.0	261.0	626.0	1251.0	2571.0	138.0	272.0	676.0	1353.0	2656.0	133.0	260.0	661.0	1315.0	2594.0	117.0	232.0	576.0	1161.0	2242.0	114.0	225.0	565.0	1115.0	2248.0	117.0	227.0	558.0	1107.0	2230.0	128.0	250.0	621.0	1256.0	2462.0
pTY3H_64_78		323.0	637.0	1564.0	3097.0	3365.0	323.0	637.0	1565.0	3046.0	3468.0	347.0	675.0	1674.0	3272.0	3558.0	258.0	512.0	1264.0	2498.0	3616.0	68.0	131.0	333.0	659.0	1306.0	68.0	136.0	336.0	671.0	1343.0	64.0	133.0	327.0	655.0	1306.0	68.0	136.0	339.0	681.0	1347.0	58.0	115.0	288.0	572.0	1130.0	74.0	148.0	366.0	722.0	1445.0	34.0	64.0	161.0	325.0	644.0	52.0	102.0	250.0	520.0	1042.0
ATF2_47_59		-2.0	-2.0	-2.0	-6.0	-13.0	-1.0	-1.0	-5.0	-8.0	-17.0	-1.0	-1.0	-3.0	-4.0	-8.0	-1.0	-2.0	-1.0	-3.0	-9.0	-2.0	-2.0	-5.0	-1.0	-15.0	-3.0	-2.0	0.0	-4.0	-7.0	0.0	-3.0	-3.0	0.0	-13.0	0.0	-4.0	-3.0	-4.0	-7.0	-2.0	-4.0	2.0	-2.0	27.0	-3.0	-2.0	-4.0	0.0	-9.0	-1.0	-1.0	-1.0	-2.0	2.0	-1.0	-2.0	1.0	3.0	-3.0
CDN1A_139_151		106.0	208.0	518.0	1035.0	2052.0	150.0	294.0	726.0	1444.0	2843.0	133.0	266.0	662.0	1313.0	2590.0	83.0	160.0	403.0	787.0	1602.0	764.0	1452.0	3597.0	3390.0	2948.0	281.0	560.0	1363.0	2656.0	3579.0	403.0	801.0	1994.0	3714.0	3462.0	450.0	889.0	2199.0	3682.0	3390.0	683.0	1358.0	3337.0	3282.0	2570.0	285.0	570.0	1396.0	2749.0	3372.0	345.0	683.0	1677.0	3291.0	3429.0	618.0	1220.0	2969.0	3525.0	3058.0
FIBA_569_581		-1.0	1.0	0.0	5.0	5.0	-1.0	0.0	-2.0	3.0	6.0	0.0	1.0	0.0	2.0	7.0	0.0	0.0	-1.0	2.0	3.0	0.0	-1.0	6.0	10.0	25.0	-1.0	1.0	2.0	2.0	10.0	0.0	0.0	2.0	9.0	10.0	1.0	-1.0	3.0	4.0	16.0	0.0	-2.0	3.0	4.0	19.0	0.0	0.0	1.0	4.0	11.0	0.0	0.0	-1.0	3.0	9.0	-3.0	2.0	5.0	14.0	23.0
IKKB_173_185_C179A		0.0	0.0	-1.0	-1.0	4.0	0.0	0.0	1.0	2.0	-1.0	-1.0	0.0	0.0	1.0	1.0	0.0	1.0	0.0	0.0	2.0	1.0	1.0	2.0	3.0	2.0	0.0	1.0	-1.0	0.0	3.0	0.0	2.0	1.0	1.0	5.0	0.0	0.0	1.0	1.0	3.0	1.0	-1.0	0.0	1.0	0.0	0.0	0.0	1.0	3.0	2.0	1.0	-1.0	1.0	2.0	2.0	-1.0	0.0	3.0	2.0	3.0
LIPS_944_956		0.0	1.0	4.0	5.0	11.0	-2.0	0.0	3.0	7.0	10.0	0.0	1.0	2.0	6.0	9.0	0.0	2.0	6.0	9.0	17.0	12.0	23.0	65.0	128.0	256.0	2.0	4.0	7.0	15.0	34.0	2.0	3.0	8.0	16.0	33.0	3.0	4.0	9.0	17.0	33.0	10.0	19.0	49.0	105.0	210.0	0.0	4.0	7.0	14.0	29.0	2.0	2.0	7.0	13.0	27.0	4.0	11.0	26.0	47.0	96.0
MYBB_513_525		1.0	0.0	0.0	1.0	2.0	0.0	1.0	1.0	0.0	0.0	0.0	0.0	0.0	1.0	0.0	1.0	0.0	2.0	1.0	3.0	0.0	-1.0	-2.0	-1.0	3.0	1.0	2.0	0.0	-1.0	3.0	2.0	-1.0	1.0	2.0	5.0	-1.0	-1.0	1.0	3.0	2.0	0.0	0.0	-1.0	-1.0	1.0	0.0	1.0	1.0	-1.0	0.0	0.0	1.0	-2.0	-1.0	1.0	-1.0	0.0	-1.0	-3.0	2.0
PLEK_106_118		9.0	20.0	49.0	100.0	203.0	13.0	27.0	69.0	135.0	270.0	14.0	28.0	71.0	136.0	275.0	8.0	14.0	32.0	67.0	137.0	132.0	258.0	658.0	1279.0	2501.0	17.0	33.0	79.0	160.0	321.0	34.0	65.0	168.0	332.0	667.0	41.0	81.0	205.0	411.0	829.0	129.0	257.0	639.0	1269.0	2485.0	20.0	43.0	108.0	213.0	419.0	28.0	58.0	148.0	297.0	590.0	95.0	189.0	466.0	937.0	1861.0
RBL2_632_644		1.0	-2.0	0.0	-1.0	3.0	0.0	1.0	0.0	-1.0	1.0	0.0	0.0	1.0	0.0	1.0	0.0	0.0	0.0	1.0	2.0	0.0	2.0	2.0	2.0	4.0	0.0	-2.0	2.0	1.0	2.0	1.0	0.0	1.0	1.0	6.0	0.0	0.0	1.0	1.0	5.0	-1.0	1.0	-1.0	0.0	-1.0	2.0	1.0	2.0	3.0	3.0	0.0	1.0	2.0	2.0	4.0	0.0	1.0	-2.0	0.0	4.0
VIGLN_289_301		1.0	0.0	2.0	2.0	3.0	0.0	-1.0	1.0	0.0	4.0	-1.0	0.0	0.0	1.0	2.0	0.0	-1.0	0.0	3.0	3.0	0.0	0.0	1.0	3.0	5.0	0.0	-1.0	2.0	3.0	3.0	0.0	0.0	3.0	3.0	4.0	1.0	1.0	2.0	1.0	4.0	1.0	0.0	-1.0	0.0	2.0	1.0	0.0	0.0	0.0	2.0	1.0	2.0	-1.0	1.0	5.0	1.0	1.0	0.0	1.0	2.0
GRIK2_708_720		0.0	1.0	3.0	4.0	8.0	0.0	0.0	3.0	5.0	10.0	0.0	2.0	2.0	6.0	10.0	0.0	2.0	1.0	5.0	7.0	-2.0	7.0	17.0	34.0	66.0	2.0	1.0	3.0	7.0	17.0	0.0	2.0	5.0	6.0	19.0	0.0	2.0	3.0	6.0	15.0	4.0	6.0	20.0	37.0	78.0	0.0	3.0	5.0	8.0	19.0	0.0	0.0	3.0	5.0	9.0	2.0	1.0	8.0	16.0	31.0
RADI_559_569		-1.0	0.0	2.0	1.0	4.0	1.0	0.0	1.0	2.0	4.0	-1.0	1.0	1.0	2.0	6.0	1.0	1.0	0.0	2.0	4.0	0.0	-1.0	1.0	3.0	8.0	-1.0	1.0	0.0	1.0	7.0	-1.0	-1.0	0.0	0.0	1.0	-1.0	0.0	-1.0	2.0	5.0	-1.0	0.0	3.0	4.0	9.0	0.0	1.0	0.0	2.0	6.0	0.0	0.0	0.0	2.0	1.0	-1.0	0.0	2.0	1.0	6.0
ACM1_421_433		-1.0	0.0	2.0	6.0	20.0	-1.0	1.0	4.0	8.0	24.0	0.0	1.0	3.0	5.0	15.0	0.0	0.0	2.0	7.0	13.0	0.0	2.0	2.0	6.0	16.0	1.0	1.0	1.0	5.0	11.0	1.0	3.0	3.0	6.0	11.0	1.0	3.0	4.0	8.0	17.0	0.0	2.0	2.0	4.0	9.0	-1.0	-1.0	1.0	3.0	10.0	0.0	0.0	3.0	4.0	12.0	1.0	0.0	3.0	6.0	14.0
ATM_1972_1984		1.0	0.0	-1.0	0.0	-3.0	-2.0	-1.0	-2.0	-2.0	-3.0	-1.0	-1.0	0.0	-2.0	-5.0	-1.0	1.0	0.0	0.0	-1.0	0.0	-2.0	1.0	-3.0	2.0	0.0	0.0	0.0	0.0	1.0	-1.0	1.0	0.0	4.0	2.0	0.0	0.0	-1.0	1.0	4.0	-1.0	-1.0	-1.0	0.0	0.0	0.0	0.0	-1.0	0.0	1.0	0.0	-1.0	0.0	-1.0	3.0	0.0	0.0	0.0	2.0	2.0
CDN1B_151_163		0.0	-1.0	-2.0	0.0	0.0	0.0	0.0	-1.0	-1.0	-4.0	1.0	-1.0	-1.0	1.0	-4.0	0.0	0.0	0.0	-1.0	3.0	-1.0	-2.0	0.0	-9.0	0.0	-2.0	0.0	0.0	1.0	4.0	0.0	-1.0	-2.0	0.0	0.0	-1.0	-2.0	-1.0	-1.0	2.0	-3.0	-1.0	-4.0	-6.0	-7.0	-2.0	-1.0	-3.0	-4.0	-1.0	-3.0	-2.0	-2.0	-2.0	0.0	-2.0	-3.0	-3.0	-3.0	-4.0
FOXO3_25_37		5.0	10.0	27.0	52.0	107.0	6.0	11.0	31.0	61.0	122.0	7.0	10.0	26.0	52.0	101.0	5.0	8.0	21.0	40.0	84.0	8.0	16.0	43.0	84.0	173.0	6.0	12.0	34.0	63.0	134.0	6.0	11.0	27.0	55.0	116.0	7.0	12.0	35.0	67.0	142.0	7.0	14.0	40.0	79.0	158.0	7.0	12.0	28.0	62.0	122.0	4.0	5.0	19.0	41.0	84.0	7.0	15.0	37.0	78.0	153.0
IKKB_686_698		0.0	0.0	-1.0	0.0	0.0	-1.0	2.0	2.0	-1.0	0.0	1.0	0.0	0.0	1.0	2.0	1.0	0.0	0.0	0.0	0.0	-1.0	1.0	0.0	1.0	2.0	-1.0	1.0	1.0	2.0	4.0	1.0	1.0	1.0	1.0	4.0	0.0	0.0	1.0	2.0	5.0	-1.0	0.0	-1.0	1.0	2.0	-1.0	0.0	0.0	0.0	1.0	1.0	1.0	1.0	0.0	2.0	0.0	1.0	0.0	2.0	-1.0
LMNA_192_204		-2.0	0.0	1.0	1.0	3.0	-1.0	0.0	-1.0	2.0	3.0	0.0	0.0	1.0	1.0	2.0	1.0	1.0	1.0	-1.0	3.0	0.0	-1.0	1.0	1.0	4.0	1.0	1.0	0.0	1.0	4.0	1.0	1.0	0.0	2.0	4.0	1.0	2.0	1.0	1.0	1.0	-1.0	1.0	1.0	2.0	0.0	1.0	1.0	0.0	2.0	2.0	0.0	1.0	2.0	1.0	2.0	0.0	0.0	1.0	2.0	3.0
MYC_51_63		1.0	0.0	1.0	1.0	2.0	-1.0	1.0	1.0	2.0	2.0	0.0	1.0	0.0	2.0	3.0	0.0	0.0	1.0	2.0	2.0	0.0	0.0	-1.0	1.0	4.0	0.0	0.0	0.0	-1.0	2.0	1.0	1.0	0.0	1.0	3.0	0.0	1.0	0.0	1.0	2.0	-1.0	-1.0	0.0	0.0	2.0	0.0	0.0	0.0	0.0	2.0	1.0	1.0	1.0	0.0	2.0	-1.0	0.0	1.0	-1.0	4.0
PP2AB_297_309		0.0	0.0	0.0	1.0	2.0	1.0	0.0	1.0	0.0	6.0	0.0	1.0	3.0	3.0	5.0	0.0	0.0	2.0	1.0	4.0	-2.0	-1.0	-6.0	-10.0	-16.0	0.0	-1.0	1.0	1.0	1.0	1.0	-1.0	0.0	0.0	4.0	-1.0	-1.0	-2.0	-2.0	1.0	-3.0	-3.0	-7.0	-12.0	-25.0	0.0	-2.0	-2.0	2.0	1.0	-1.0	-1.0	-3.0	1.0	-1.0	-1.0	-3.0	-5.0	-4.0	-14.0
RBL2_655_667		0.0	2.0	4.0	7.0	13.0	2.0	2.0	2.0	8.0	14.0	1.0	1.0	3.0	6.0	11.0	-1.0	1.0	3.0	4.0	10.0	3.0	4.0	14.0	27.0	53.0	1.0	2.0	4.0	6.0	16.0	0.0	1.0	1.0	7.0	16.0	0.0	2.0	3.0	9.0	19.0	2.0	5.0	11.0	24.0	46.0	0.0	0.0	0.0	6.0	11.0	0.0	-1.0	0.0	3.0	9.0	1.0	3.0	4.0	12.0	24.0
YAP1_121_133		1.0	0.0	2.0	2.0	5.0	-1.0	3.0	1.0	3.0	4.0	0.0	0.0	1.0	4.0	4.0	1.0	0.0	2.0	2.0	4.0	2.0	1.0	2.0	3.0	7.0	0.0	0.0	1.0	3.0	6.0	1.0	1.0	1.0	2.0	5.0	1.0	0.0	1.0	4.0	6.0	0.0	1.0	2.0	3.0	12.0	1.0	2.0	1.0	4.0	8.0	1.0	-1.0	0.0	3.0	4.0	2.0	3.0	3.0	6.0	9.0
KAP2_92_104		2.0	4.0	7.0	14.0	30.0	1.0	4.0	8.0	20.0	38.0	2.0	3.0	5.0	12.0	22.0	1.0	4.0	7.0	13.0	25.0	10.0	24.0	66.0	129.0	260.0	2.0	4.0	11.0	22.0	51.0	1.0	0.0	13.0	25.0	46.0	0.0	4.0	11.0	23.0	51.0	15.0	30.0	81.0	163.0	333.0	3.0	5.0	8.0	25.0	50.0	5.0	5.0	16.0	33.0	68.0	7.0	16.0	40.0	89.0	178.0
RS6_228_240		1.0	0.0	2.0	5.0	9.0	0.0	2.0	3.0	5.0	9.0	-1.0	-1.0	2.0	3.0	7.0	0.0	0.0	3.0	3.0	5.0	269.0	526.0	1307.0	2565.0	3455.0	72.0	143.0	354.0	695.0	1379.0	96.0	189.0	471.0	929.0	1842.0	68.0	132.0	333.0	654.0	1299.0	265.0	527.0	1305.0	2566.0	3354.0	70.0	139.0	347.0	689.0	1363.0	39.0	78.0	199.0	397.0	782.0	152.0	304.0	746.0	1492.0	2927.0
ACM1_444_456		-2.0	1.0	2.0	5.0	13.0	0.0	1.0	3.0	4.0	12.0	0.0	2.0	4.0	6.0	12.0	1.0	0.0	5.0	6.0	14.0	1.0	1.0	4.0	11.0	22.0	1.0	2.0	5.0	6.0	16.0	0.0	2.0	3.0	7.0	13.0	0.0	2.0	5.0	7.0	15.0	2.0	2.0	6.0	10.0	20.0	2.0	2.0	4.0	7.0	14.0	1.0	1.0	3.0	6.0	9.0	-1.0	2.0	3.0	7.0	15.0
BAD_112_124		0.0	0.0	5.0	7.0	11.0	0.0	2.0	3.0	6.0	12.0	1.0	2.0	3.0	8.0	15.0	2.0	2.0	3.0	4.0	10.0	0.0	2.0	0.0	6.0	12.0	0.0	0.0	1.0	5.0	6.0	3.0	1.0	2.0	4.0	8.0	0.0	2.0	2.0	4.0	8.0	1.0	1.0	2.0	1.0	3.0	-1.0	2.0	2.0	2.0	5.0	1.0	2.0	1.0	2.0	6.0	2.0	1.0	1.0	5.0	4.0
CENPA_1_14		0.0	2.0	6.0	13.0	21.0	1.0	3.0	4.0	13.0	27.0	0.0	4.0	7.0	11.0	25.0	1.0	1.0	5.0	9.0	18.0	63.0	125.0	304.0	624.0	1210.0	5.0	6.0	13.0	27.0	53.0	8.0	17.0	44.0	91.0	184.0	9.0	21.0	50.0	97.0	200.0	68.0	132.0	337.0	668.0	1309.0	1.0	6.0	18.0	34.0	76.0	9.0	21.0	52.0	101.0	204.0	50.0	101.0	253.0	517.0	1014.0
FRAP_2443_2455		1.0	1.0	3.0	4.0	6.0	0.0	-1.0	2.0	4.0	9.0	0.0	-1.0	2.0	3.0	7.0	-1.0	0.0	2.0	4.0	8.0	14.0	31.0	82.0	164.0	328.0	3.0	2.0	10.0	20.0	35.0	2.0	6.0	10.0	22.0	43.0	2.0	3.0	5.0	14.0	30.0	22.0	43.0	113.0	229.0	449.0	3.0	5.0	14.0	25.0	51.0	1.0	4.0	9.0	19.0	40.0	12.0	23.0	60.0	122.0	243.0
K6PL_766_778		1.0	-2.0	1.0	1.0	4.0	-1.0	2.0	0.0	1.0	4.0	-1.0	1.0	2.0	1.0	5.0	-1.0	1.0	1.0	3.0	5.0	0.0	1.0	0.0	2.0	6.0	1.0	-1.0	2.0	3.0	4.0	1.0	0.0	1.0	3.0	6.0	0.0	0.0	4.0	1.0	5.0	0.0	2.0	2.0	2.0	6.0	1.0	0.0	2.0	2.0	5.0	1.0	0.0	2.0	3.0	4.0	0.0	2.0	1.0	1.0	1.0
LMNB1_16_28		1.0	0.0	2.0	2.0	0.0	0.0	-1.0	1.0	3.0	4.0	-1.0	0.0	1.0	2.0	2.0	1.0	-1.0	0.0	4.0	5.0	2.0	2.0	1.0	2.0	2.0	2.0	1.0	2.0	1.0	4.0	-1.0	0.0	2.0	4.0	4.0	-1.0	1.0	2.0	2.0	3.0	1.0	1.0	0.0	1.0	2.0	2.0	1.0	0.0	2.0	5.0	1.0	1.0	0.0	1.0	3.0	0.0	1.0	1.0	1.0	4.0
NEK2_172_184		0.0	0.0	1.0	6.0	9.0	-1.0	1.0	3.0	4.0	11.0	2.0	2.0	3.0	6.0	12.0	1.0	3.0	1.0	7.0	11.0	-2.0	-2.0	-2.0	2.0	10.0	1.0	0.0	2.0	6.0	10.0	-1.0	1.0	4.0	5.0	9.0	1.0	1.0	2.0	5.0	8.0	0.0	0.0	3.0	5.0	11.0	-1.0	0.0	2.0	4.0	12.0	0.0	0.0	0.0	2.0	10.0	-2.0	-1.0	-2.0	1.0	7.0
PPR1A_28_40		6.0	13.0	31.0	61.0	129.0	9.0	12.0	32.0	67.0	140.0	7.0	9.0	25.0	59.0	113.0	6.0	12.0	26.0	51.0	104.0	499.0	968.0	2382.0	3592.0	3195.0	127.0	251.0	624.0	1230.0	2454.0	215.0	427.0	1056.0	2079.0	3662.0	261.0	519.0	1280.0	2537.0	3595.0	465.0	911.0	2218.0	3473.0	2967.0	156.0	316.0	756.0	1509.0	2989.0	198.0	394.0	976.0	1936.0	3613.0	436.0	854.0	2089.0	3650.0	3310.0
RBL2_959_971		-1.0	0.0	1.0	2.0	1.0	0.0	0.0	1.0	0.0	3.0	0.0	0.0	0.0	-1.0	3.0	-1.0	0.0	1.0	0.0	3.0	-1.0	-2.0	1.0	-3.0	4.0	-1.0	1.0	1.0	2.0	4.0	-2.0	0.0	1.0	2.0	6.0	-2.0	-2.0	3.0	6.0	10.0	-1.0	-2.0	1.0	10.0	3.0	-1.0	-1.0	1.0	2.0	3.0	0.0	2.0	1.0	0.0	10.0	0.0	1.0	3.0	3.0	10.0
ADRB2_338_350		0.0	-3.0	1.0	4.0	8.0	0.0	0.0	2.0	4.0	10.0	-1.0	0.0	2.0	4.0	8.0	-1.0	1.0	2.0	3.0	8.0	1.0	3.0	7.0	13.0	28.0	2.0	0.0	2.0	7.0	13.0	1.0	2.0	3.0	7.0	14.0	1.0	3.0	2.0	6.0	12.0	2.0	4.0	9.0	17.0	33.0	0.0	0.0	4.0	8.0	13.0	1.0	1.0	5.0	7.0	19.0	3.0	4.0	12.0	20.0	38.0
KCC2G_278_289		1.0	2.0	2.0	3.0	7.0	1.0	-2.0	3.0	4.0	11.0	0.0	0.0	2.0	6.0	10.0	-1.0	0.0	4.0	6.0	12.0	0.0	1.0	4.0	9.0	12.0	0.0	-1.0	2.0	7.0	18.0	-1.0	2.0	3.0	8.0	20.0	-1.0	0.0	4.0	5.0	13.0	-1.0	1.0	4.0	11.0	16.0	1.0	0.0	4.0	8.0	18.0	0.0	1.0	-1.0	1.0	4.0	-1.0	-2.0	0.0	10.0	2.0
RYR1_4317_4329		1.0	1.0	4.0	7.0	14.0	0.0	2.0	5.0	9.0	21.0	1.0	1.0	3.0	7.0	17.0	0.0	0.0	0.0	5.0	13.0	623.0	1210.0	2971.0	3511.0	3016.0	202.0	403.0	992.0	1946.0	3697.0	279.0	554.0	1381.0	2711.0	3608.0	262.0	522.0	1288.0	2546.0	3629.0	574.0	1152.0	2802.0	3420.0	2901.0	190.0	377.0	936.0	1853.0	3612.0	170.0	340.0	845.0	1666.0	3267.0	419.0	821.0	2028.0	3656.0	3328.0
ACM4_456_468		2.0	3.0	3.0	9.0	21.0	2.0	4.0	5.0	10.0	23.0	1.0	2.0	5.0	7.0	18.0	1.0	2.0	4.0	7.0	17.0	0.0	2.0	8.0	12.0	24.0	1.0	3.0	6.0	8.0	22.0	2.0	2.0	5.0	11.0	19.0	0.0	3.0	6.0	13.0	24.0	1.0	2.0	5.0	10.0	22.0	1.0	0.0	6.0	13.0	23.0	0.0	2.0	5.0	8.0	16.0	1.0	3.0	7.0	12.0	26.0
BAD_69_81		2.0	2.0	2.0	6.0	14.0	0.0	0.0	5.0	8.0	18.0	1.0	1.0	3.0	5.0	12.0	1.0	0.0	4.0	7.0	12.0	16.0	34.0	86.0	177.0	351.0	3.0	5.0	8.0	21.0	38.0	3.0	6.0	15.0	31.0	61.0	3.0	5.0	16.0	29.0	60.0	20.0	42.0	107.0	211.0	428.0	2.0	5.0	17.0	33.0	65.0	5.0	7.0	15.0	32.0	65.0	18.0	36.0	92.0	186.0	372.0
COF1_17_29		1.0	1.0	1.0	0.0	2.0	0.0	1.0	0.0	0.0	3.0	1.0	1.0	1.0	2.0	3.0	1.0	1.0	1.0	2.0	4.0	1.0	2.0	3.0	6.0	11.0	1.0	1.0	2.0	4.0	3.0	0.0	0.0	1.0	5.0	8.0	-1.0	1.0	0.0	2.0	9.0	0.0	-1.0	2.0	1.0	-1.0	1.0	-1.0	2.0	2.0	4.0	-1.0	0.0	1.0	2.0	5.0	0.0	0.0	2.0	4.0	4.0
FRAP_2475_2487		0.0	0.0	-1.0	0.0	0.0	-1.0	1.0	0.0	0.0	1.0	1.0	1.0	-2.0	3.0	2.0	-1.0	0.0	1.0	3.0	3.0	-1.0	2.0	-2.0	-3.0	-3.0	0.0	0.0	1.0	2.0	3.0	0.0	2.0	1.0	3.0	2.0	-1.0	1.0	2.0	2.0	4.0	-2.0	1.0	-2.0	-5.0	-2.0	1.0	0.0	0.0	2.0	2.0	0.0	-1.0	1.0	2.0	3.0	0.0	-1.0	-1.0	-2.0	-1.0
KAPCG_192_206		2.0	0.0	3.0	1.0	8.0	1.0	1.0	2.0	4.0	6.0	0.0	0.0	2.0	3.0	7.0	2.0	0.0	0.0	5.0	9.0	0.0	1.0	4.0	7.0	11.0	1.0	0.0	3.0	5.0	9.0	0.0	1.0	2.0	5.0	9.0	0.0	-1.0	3.0	6.0	10.0	1.0	2.0	4.0	5.0	9.0	0.0	1.0	3.0	3.0	9.0	1.0	1.0	1.0	2.0	10.0	1.0	1.0	2.0	7.0	10.0
MARCS_152_164		0.0	2.0	3.0	6.0	14.0	1.0	4.0	4.0	8.0	17.0	0.0	0.0	2.0	8.0	14.0	2.0	2.0	3.0	6.0	16.0	2.0	4.0	9.0	24.0	44.0	1.0	3.0	6.0	14.0	29.0	0.0	1.0	5.0	11.0	26.0	3.0	3.0	6.0	14.0	30.0	0.0	2.0	7.0	15.0	33.0	1.0	3.0	6.0	13.0	23.0	-1.0	2.0	3.0	7.0	20.0	2.0	3.0	7.0	16.0	30.0
NEK3_158_170		0.0	2.0	3.0	4.0	5.0	0.0	1.0	2.0	1.0	5.0	-1.0	1.0	3.0	4.0	8.0	1.0	1.0	1.0	2.0	6.0	0.0	-2.0	-4.0	-8.0	-12.0	0.0	-1.0	0.0	1.0	-1.0	-1.0	0.0	2.0	0.0	2.0	0.0	1.0	-1.0	-4.0	-9.0	-3.0	-1.0	-5.0	-9.0	-24.0	0.0	0.0	-1.0	-3.0	0.0	1.0	0.0	0.0	-2.0	-1.0	-3.0	-3.0	-7.0	-9.0	-19.0
PRKDC_2618_2630		0.0	2.0	3.0	8.0	14.0	1.0	2.0	4.0	8.0	19.0	2.0	0.0	3.0	5.0	14.0	1.0	0.0	3.0	7.0	14.0	1.0	1.0	3.0	3.0	4.0	1.0	0.0	3.0	4.0	14.0	-1.0	1.0	2.0	5.0	7.0	0.0	1.0	3.0	5.0	7.0	-2.0	-2.0	0.0	0.0	6.0	1.0	1.0	4.0	11.0	20.0	1.0	1.0	1.0	0.0	-2.0	-1.0	-2.0	1.0	-1.0	-3.0
REL_260_272		0.0	0.0	0.0	2.0	3.0	0.0	1.0	1.0	1.0	5.0	1.0	0.0	1.0	2.0	4.0	1.0	2.0	1.0	1.0	4.0	5.0	9.0	21.0	45.0	91.0	1.0	2.0	5.0	10.0	20.0	0.0	2.0	4.0	12.0	27.0	1.0	0.0	7.0	12.0	25.0	3.0	8.0	19.0	41.0	83.0	1.0	1.0	3.0	8.0	17.0	1.0	3.0	4.0	9.0	17.0	2.0	5.0	10.0	21.0	44.0
ART_025_CXGLRRWSLGGLRRWSL		0.0	2.0	5.0	11.0	23.0	0.0	2.0	6.0	10.0	22.0	1.0	1.0	5.0	10.0	18.0	1.0	1.0	5.0	8.0	16.0	18.0	35.0	93.0	183.0	362.0	4.0	7.0	20.0	41.0	84.0	5.0	10.0	25.0	52.0	105.0	2.0	7.0	18.0	33.0	64.0	14.0	29.0	74.0	154.0	302.0	5.0	5.0	18.0	38.0	71.0	4.0	3.0	12.0	25.0	47.0	6.0	12.0	28.0	58.0	120.0
KCNA1_438_450		0.0	0.0	0.0	-1.0	2.0	0.0	0.0	1.0	1.0	2.0	0.0	2.0	1.0	0.0	3.0	0.0	1.0	1.0	1.0	3.0	0.0	0.0	0.0	0.0	3.0	0.0	-1.0	0.0	1.0	2.0	0.0	0.0	-2.0	0.0	3.0	1.0	1.0	1.0	-1.0	1.0	1.0	-1.0	1.0	3.0	6.0	0.0	0.0	1.0	-1.0	3.0	-1.0	1.0	0.0	0.0	2.0	-1.0	1.0	0.0	1.0	4.0
SCN7A_898_910		1.0	0.0	1.0	3.0	4.0	1.0	0.0	1.0	2.0	9.0	1.0	0.0	3.0	4.0	5.0	0.0	1.0	0.0	4.0	6.0	1.0	2.0	13.0	24.0	62.0	2.0	1.0	-1.0	3.0	9.0	-1.0	0.0	2.0	4.0	12.0	0.0	0.0	0.0	-1.0	4.0	1.0	3.0	6.0	17.0	44.0	0.0	1.0	3.0	3.0	12.0	-1.0	1.0	1.0	4.0	8.0	-2.0	0.0	1.0	13.0	17.0
ACM5_494_506		3.0	7.0	20.0	39.0	76.0	5.0	10.0	22.0	44.0	94.0	4.0	8.0	16.0	33.0	71.0	3.0	4.0	15.0	25.0	54.0	2.0	5.0	13.0	27.0	52.0	2.0	3.0	11.0	20.0	40.0	2.0	3.0	13.0	20.0	41.0	2.0	6.0	14.0	30.0	57.0	3.0	5.0	14.0	31.0	61.0	3.0	7.0	15.0	32.0	64.0	2.0	6.0	13.0	32.0	61.0	4.0	7.0	21.0	41.0	83.0
BAD_93_105		8.0	16.0	43.0	87.0	176.0	11.0	20.0	47.0	94.0	196.0	7.0	18.0	40.0	80.0	162.0	6.0	12.0	29.0	59.0	120.0	5.0	12.0	32.0	64.0	124.0	6.0	11.0	24.0	52.0	99.0	6.0	9.0	23.0	47.0	93.0	4.0	12.0	29.0	55.0	110.0	1.0	11.0	26.0	53.0	109.0	5.0	11.0	24.0	51.0	103.0	3.0	3.0	13.0	28.0	50.0	5.0	10.0	23.0	48.0	92.0
CSF1R_701_713		0.0	2.0	2.0	6.0	13.0	1.0	1.0	2.0	8.0	17.0	1.0	1.0	4.0	7.0	15.0	0.0	2.0	3.0	6.0	12.0	38.0	74.0	188.0	379.0	745.0	4.0	7.0	16.0	35.0	76.0	4.0	6.0	19.0	34.0	69.0	4.0	9.0	22.0	42.0	88.0	46.0	87.0	220.0	447.0	888.0	4.0	10.0	23.0	50.0	105.0	3.0	8.0	23.0	45.0	90.0	19.0	37.0	95.0	186.0	369.0
GPR6_349_361		2.0	1.0	1.0	5.0	8.0	-1.0	0.0	4.0	4.0	10.0	1.0	2.0	3.0	5.0	10.0	2.0	2.0	3.0	5.0	10.0	120.0	238.0	596.0	1183.0	2323.0	4.0	8.0	22.0	47.0	97.0	9.0	17.0	46.0	91.0	189.0	7.0	12.0	35.0	67.0	141.0	127.0	242.0	627.0	1244.0	2429.0	8.0	16.0	44.0	85.0	174.0	7.0	15.0	38.0	76.0	151.0	59.0	119.0	294.0	591.0	1172.0
KCNA2_442_454		1.0	0.0	1.0	1.0	3.0	2.0	-1.0	1.0	4.0	6.0	0.0	0.0	1.0	3.0	5.0	0.0	0.0	1.0	1.0	5.0	8.0	16.0	41.0	84.0	168.0	1.0	1.0	4.0	8.0	16.0	1.0	1.0	2.0	8.0	19.0	2.0	1.0	4.0	9.0	17.0	5.0	7.0	24.0	51.0	99.0	1.0	1.0	5.0	6.0	18.0	0.0	1.0	3.0	5.0	11.0	1.0	4.0	10.0	15.0	29.0
MARCS_160_172		1.0	2.0	5.0	11.0	22.0	1.0	1.0	7.0	14.0	29.0	1.0	0.0	8.0	14.0	23.0	0.0	1.0	5.0	10.0	20.0	0.0	2.0	7.0	11.0	20.0	1.0	4.0	3.0	15.0	26.0	-1.0	1.0	4.0	13.0	21.0	2.0	1.0	7.0	9.0	20.0	1.0	4.0	5.0	16.0	30.0	1.0	3.0	5.0	14.0	29.0	0.0	1.0	3.0	12.0	16.0	0.0	4.0	7.0	14.0	25.0
NMDZ1_890_902		1.0	2.0	8.0	13.0	23.0	2.0	4.0	7.0	15.0	28.0	2.0	2.0	8.0	15.0	27.0	1.0	1.0	4.0	8.0	18.0	482.0	946.0	2345.0	3626.0	3244.0	160.0	320.0	794.0	1564.0	3075.0	244.0	487.0	1206.0	2379.0	3634.0	281.0	551.0	1373.0	2703.0	3623.0	465.0	926.0	2282.0	3453.0	2936.0	195.0	395.0	972.0	1919.0	3601.0	236.0	466.0	1161.0	2282.0	3598.0	398.0	774.0	1906.0	3679.0	3385.0
PTK6_436_448		2.0	1.0	0.0	2.0	2.0	1.0	1.0	1.0	1.0	6.0	0.0	0.0	2.0	2.0	2.0	0.0	0.0	0.0	3.0	7.0	7.0	12.0	32.0	70.0	138.0	1.0	3.0	10.0	19.0	32.0	3.0	4.0	10.0	19.0	45.0	1.0	1.0	8.0	15.0	35.0	6.0	12.0	25.0	62.0	119.0	0.0	3.0	9.0	15.0	35.0	1.0	0.0	7.0	16.0	36.0	3.0	7.0	23.0	41.0	78.0
SRC_413_425		1.0	2.0	-1.0	-1.0	1.0	0.0	0.0	-1.0	1.0	0.0	0.0	0.0	0.0	2.0	1.0	0.0	0.0	-2.0	0.0	4.0	1.0	1.0	0.0	-1.0	-3.0	0.0	1.0	2.0	2.0	1.0	1.0	0.0	-1.0	2.0	3.0	0.0	1.0	1.0	2.0	2.0	1.0	0.0	0.0	2.0	6.0	1.0	1.0	-1.0	0.0	0.0	-1.0	1.0	0.0	-2.0	0.0	0.0	0.0	-2.0	-1.0	0.0
CAC1C_1974_1986		0.0	2.0	5.0	6.0	11.0	2.0	0.0	3.0	5.0	12.0	0.0	3.0	3.0	4.0	7.0	0.0	0.0	2.0	4.0	9.0	6.0	10.0	22.0	47.0	88.0	0.0	2.0	5.0	9.0	18.0	1.0	1.0	4.0	8.0	18.0	0.0	1.0	6.0	11.0	19.0	6.0	11.0	27.0	51.0	106.0	1.0	2.0	8.0	13.0	26.0	1.0	4.0	7.0	13.0	30.0	3.0	5.0	14.0	31.0	58.0
KPB1_1011_1023		0.0	1.0	0.0	0.0	4.0	-2.0	0.0	1.0	1.0	-1.0	1.0	1.0	-1.0	2.0	2.0	1.0	0.0	1.0	1.0	4.0	-1.0	1.0	1.0	3.0	3.0	0.0	0.0	0.0	2.0	3.0	0.0	0.0	0.0	3.0	3.0	1.0	1.0	2.0	4.0	6.0	0.0	1.0	1.0	3.0	6.0	-1.0	1.0	1.0	1.0	5.0	-1.0	2.0	1.0	4.0	3.0	0.0	1.0	2.0	3.0	7.0
SRC8_CHICK_423_435		0.0	1.0	1.0	1.0	2.0	1.0	1.0	0.0	2.0	1.0	1.0	0.0	0.0	1.0	2.0	0.0	1.0	0.0	2.0	1.0	0.0	-1.0	-3.0	-1.0	0.0	-1.0	0.0	2.0	1.0	2.0	-1.0	1.0	-1.0	-1.0	2.0	0.0	1.0	1.0	2.0	3.0	-1.0	-1.0	0.0	-1.0	0.0	1.0	0.0	2.0	2.0	3.0	-1.0	0.0	0.0	-1.0	1.0	0.0	-1.0	-1.0	-2.0	-2.0
ACM5_498_510		2.0	3.0	10.0	19.0	35.0	5.0	4.0	9.0	23.0	45.0	1.0	4.0	10.0	18.0	37.0	2.0	3.0	7.0	14.0	28.0	4.0	5.0	14.0	28.0	58.0	0.0	5.0	9.0	16.0	34.0	0.0	4.0	12.0	20.0	42.0	2.0	5.0	11.0	21.0	42.0	3.0	4.0	10.0	23.0	46.0	1.0	3.0	11.0	23.0	43.0	2.0	1.0	6.0	13.0	26.0	3.0	4.0	12.0	27.0	52.0
BCKD_45_57		1.0	2.0	2.0	7.0	12.0	0.0	0.0	3.0	7.0	15.0	2.0	-1.0	3.0	8.0	14.0	2.0	2.0	1.0	5.0	7.0	2.0	3.0	6.0	13.0	27.0	-1.0	1.0	1.0	6.0	8.0	0.0	3.0	4.0	8.0	14.0	0.0	0.0	2.0	4.0	13.0	0.0	3.0	8.0	15.0	32.0	0.0	1.0	2.0	4.0	10.0	1.0	0.0	2.0	4.0	8.0	1.0	3.0	4.0	10.0	20.0
CSK21_355_367		-1.0	0.0	-1.0	2.0	1.0	-1.0	0.0	0.0	1.0	0.0	-1.0	0.0	-1.0	0.0	3.0	0.0	1.0	1.0	0.0	2.0	-1.0	1.0	-1.0	0.0	0.0	1.0	-1.0	-1.0	-1.0	1.0	1.0	3.0	0.0	3.0	6.0	-1.0	0.0	2.0	1.0	4.0	1.0	0.0	1.0	-2.0	0.0	-1.0	1.0	1.0	1.0	5.0	0.0	-1.0	-1.0	1.0	3.0	1.0	1.0	-1.0	-1.0	0.0
GPSM2_394_406		0.0	0.0	1.0	3.0	4.0	0.0	1.0	1.0	1.0	3.0	1.0	0.0	2.0	0.0	4.0	1.0	2.0	1.0	2.0	3.0	6.0	7.0	23.0	50.0	100.0	-1.0	1.0	4.0	11.0	19.0	0.0	2.0	5.0	11.0	19.0	-1.0	1.0	2.0	7.0	12.0	3.0	6.0	18.0	34.0	74.0	2.0	1.0	4.0	9.0	19.0	0.0	0.0	4.0	8.0	14.0	1.0	2.0	7.0	13.0	28.0
KCNA3_461_473		-1.0	0.0	1.0	3.0	1.0	0.0	0.0	0.0	3.0	4.0	-1.0	1.0	-1.0	0.0	4.0	0.0	0.0	1.0	2.0	3.0	2.0	3.0	6.0	14.0	27.0	0.0	1.0	1.0	4.0	9.0	1.0	0.0	2.0	4.0	8.0	1.0	0.0	1.0	4.0	6.0	0.0	1.0	4.0	9.0	18.0	-1.0	0.0	1.0	4.0	8.0	-1.0	0.0	1.0	4.0	6.0	1.0	-1.0	2.0	6.0	13.0
MBP_222_234		2.0	6.0	11.0	21.0	41.0	2.0	5.0	13.0	26.0	52.0	3.0	5.0	11.0	20.0	37.0	2.0	6.0	9.0	21.0	39.0	-1.0	0.0	1.0	8.0	12.0	2.0	2.0	7.0	14.0	30.0	1.0	1.0	4.0	10.0	23.0	-1.0	2.0	4.0	13.0	28.0	-1.0	1.0	8.0	17.0	29.0	1.0	2.0	7.0	11.0	25.0	0.0	0.0	3.0	6.0	12.0	2.0	1.0	3.0	10.0	25.0
NOS3_1171_1183		3.0	8.0	20.0	39.0	77.0	3.0	9.0	22.0	45.0	89.0	4.0	5.0	15.0	28.0	58.0	0.0	5.0	15.0	30.0	59.0	100.0	191.0	480.0	950.0	1867.0	15.0	33.0	81.0	163.0	324.0	22.0	50.0	123.0	250.0	486.0	27.0	56.0	143.0	293.0	561.0	130.0	269.0	677.0	1335.0	2567.0	29.0	59.0	139.0	277.0	566.0	16.0	37.0	89.0	176.0	352.0	60.0	117.0	294.0	592.0	1166.0
RAB1A_187_199		2.0	0.0	0.0	1.0	3.0	1.0	-2.0	1.0	2.0	4.0	1.0	1.0	1.0	1.0	3.0	-2.0	-1.0	1.0	1.0	1.0	0.0	-1.0	0.0	0.0	1.0	1.0	1.0	-1.0	4.0	5.0	-1.0	0.0	1.0	1.0	6.0	0.0	0.0	0.0	2.0	5.0	-1.0	0.0	-2.0	-4.0	-6.0	0.0	0.0	-1.0	0.0	4.0	0.0	1.0	0.0	0.0	0.0	-1.0	-1.0	-1.0	-1.0	-1.0
STK6_283_295		8.0	20.0	53.0	111.0	223.0	16.0	34.0	83.0	168.0	330.0	13.0	26.0	63.0	128.0	254.0	7.0	14.0	37.0	74.0	148.0	35.0	67.0	171.0	339.0	668.0	6.0	12.0	34.0	70.0	139.0	7.0	14.0	35.0	71.0	143.0	8.0	16.0	39.0	76.0	155.0	45.0	89.0	227.0	449.0	898.0	8.0	18.0	48.0	94.0	191.0	17.0	34.0	88.0	174.0	352.0	44.0	88.0	216.0	433.0	866.0
CFTR_730_742		-1.0	-1.0	0.0	0.0	3.0	-1.0	0.0	1.0	0.0	-2.0	0.0	0.0	-1.0	0.0	0.0	-2.0	1.0	0.0	1.0	4.0	1.0	1.0	1.0	1.0	4.0	1.0	2.0	-1.0	2.0	0.0	-1.0	0.0	2.0	3.0	3.0	0.0	-1.0	-1.0	1.0	5.0	0.0	-2.0	0.0	1.0	1.0	0.0	1.0	1.0	1.0	1.0	-1.0	0.0	-1.0	0.0	0.0	0.0	-1.0	-1.0	0.0	-1.0
MYPC3_268_280		-1.0	1.0	2.0	3.0	4.0	0.0	0.0	0.0	2.0	5.0	-2.0	1.0	1.0	3.0	5.0	2.0	1.0	1.0	3.0	5.0	2.0	4.0	11.0	22.0	43.0	1.0	1.0	3.0	9.0	17.0	1.0	0.0	4.0	8.0	12.0	1.0	0.0	3.0	7.0	11.0	2.0	3.0	10.0	23.0	43.0	0.0	1.0	3.0	5.0	13.0	0.0	0.0	3.0	3.0	7.0	1.0	1.0	1.0	4.0	10.0
VASP_271_283		6.0	10.0	21.0	47.0	90.0	7.0	12.0	33.0	73.0	145.0	7.0	13.0	32.0	64.0	131.0	2.0	4.0	13.0	26.0	53.0	102.0	203.0	506.0	1017.0	1990.0	18.0	37.0	94.0	186.0	376.0	27.0	57.0	145.0	288.0	576.0	20.0	40.0	100.0	198.0	395.0	102.0	203.0	520.0	1023.0	2027.0	17.0	36.0	91.0	178.0	353.0	17.0	34.0	81.0	166.0	330.0	52.0	105.0	261.0	523.0	1033.0
ADDB_696_708		0.0	0.0	2.0	3.0	2.0	1.0	1.0	2.0	3.0	4.0	0.0	0.0	1.0	3.0	7.0	1.0	0.0	2.0	3.0	5.0	1.0	2.0	3.0	9.0	17.0	0.0	0.0	1.0	3.0	9.0	2.0	1.0	2.0	5.0	8.0	2.0	1.0	3.0	4.0	10.0	1.0	1.0	2.0	5.0	9.0	0.0	1.0	3.0	4.0	7.0	0.0	1.0	1.0	1.0	4.0	-2.0	1.0	2.0	2.0	6.0
BRCA1_1451_1463		1.0	0.0	1.0	1.0	0.0	-2.0	1.0	2.0	1.0	1.0	0.0	0.0	1.0	3.0	2.0	1.0	1.0	0.0	2.0	3.0	1.0	1.0	0.0	-1.0	1.0	1.0	-2.0	0.0	2.0	4.0	0.0	0.0	1.0	2.0	3.0	-1.0	0.0	2.0	2.0	2.0	1.0	0.0	2.0	-1.0	1.0	0.0	-1.0	1.0	0.0	2.0	-1.0	1.0	0.0	2.0	2.0	2.0	2.0	0.0	1.0	0.0
DCX_49_61		0.0	0.0	0.0	2.0	3.0	0.0	2.0	0.0	2.0	5.0	0.0	-1.0	1.0	3.0	6.0	0.0	0.0	0.0	3.0	3.0	2.0	1.0	5.0	7.0	15.0	1.0	1.0	2.0	3.0	6.0	0.0	1.0	0.0	6.0	6.0	0.0	2.0	5.0	6.0	14.0	2.0	-1.0	3.0	4.0	10.0	1.0	1.0	0.0	3.0	8.0	-1.0	1.0	0.0	1.0	6.0	0.0	1.0	3.0	6.0	10.0
GSUB_61_73		0.0	1.0	2.0	3.0	6.0	0.0	3.0	2.0	6.0	9.0	0.0	1.0	1.0	4.0	10.0	0.0	1.0	1.0	4.0	8.0	2.0	4.0	7.0	14.0	29.0	0.0	2.0	5.0	8.0	14.0	1.0	1.0	3.0	5.0	11.0	0.0	-1.0	4.0	8.0	12.0	1.0	3.0	8.0	19.0	38.0	0.0	1.0	4.0	8.0	12.0	-1.0	2.0	3.0	4.0	9.0	1.0	0.0	4.0	6.0	16.0
KCNB1_489_501		0.0	-2.0	1.0	2.0	3.0	1.0	0.0	2.0	1.0	6.0	1.0	1.0	1.0	2.0	6.0	0.0	0.0	2.0	3.0	5.0	0.0	1.0	1.0	1.0	5.0	0.0	0.0	2.0	0.0	5.0	-2.0	1.0	2.0	4.0	3.0	-1.0	0.0	0.0	1.0	3.0	0.0	1.0	2.0	1.0	3.0	1.0	1.0	1.0	3.0	3.0	1.0	0.0	2.0	1.0	6.0	2.0	0.0	1.0	2.0	0.0
MK10_214_226		1.0	-1.0	1.0	4.0	4.0	0.0	1.0	1.0	2.0	6.0	0.0	1.0	2.0	2.0	5.0	0.0	2.0	3.0	2.0	6.0	1.0	1.0	2.0	3.0	4.0	1.0	0.0	2.0	4.0	9.0	0.0	0.0	1.0	1.0	7.0	-1.0	0.0	0.0	3.0	8.0	1.0	0.0	-1.0	0.0	7.0	2.0	1.0	3.0	3.0	5.0	-1.0	1.0	0.0	3.0	7.0	0.0	1.0	1.0	2.0	5.0
NR4A1_344_356		1.0	1.0	3.0	9.0	15.0	0.0	0.0	5.0	9.0	18.0	0.0	2.0	3.0	7.0	17.0	1.0	1.0	4.0	8.0	12.0	25.0	53.0	134.0	268.0	537.0	1.0	1.0	6.0	14.0	29.0	2.0	4.0	11.0	23.0	41.0	3.0	6.0	14.0	26.0	54.0	29.0	59.0	142.0	283.0	568.0	2.0	3.0	9.0	16.0	32.0	2.0	5.0	11.0	24.0	40.0	18.0	34.0	88.0	176.0	356.0
RAF1_253_265		2.0	0.0	2.0	1.0	4.0	1.0	0.0	3.0	2.0	6.0	-1.0	0.0	2.0	4.0	10.0	0.0	-1.0	0.0	1.0	5.0	14.0	30.0	73.0	150.0	296.0	1.0	1.0	5.0	10.0	20.0	0.0	1.0	6.0	9.0	21.0	0.0	2.0	3.0	8.0	20.0	14.0	32.0	77.0	157.0	310.0	1.0	2.0	5.0	12.0	24.0	2.0	2.0	5.0	10.0	19.0	3.0	9.0	19.0	42.0	79.0
STMN2_90_102		0.0	-1.0	-1.0	-1.0	0.0	0.0	0.0	1.0	0.0	4.0	1.0	1.0	-1.0	3.0	3.0	0.0	0.0	1.0	2.0	3.0	0.0	3.0	7.0	13.0	26.0	1.0	0.0	3.0	3.0	8.0	0.0	-1.0	2.0	5.0	12.0	1.0	1.0	1.0	5.0	10.0	1.0	2.0	5.0	9.0	18.0	0.0	1.0	2.0	2.0	5.0	1.0	1.0	3.0	5.0	9.0	0.0	0.0	2.0	3.0	7.0
CGHB_109_121		9.0	20.0	53.0	106.0	217.0	18.0	33.0	89.0	174.0	351.0	11.0	26.0	67.0	124.0	264.0	6.0	10.0	27.0	55.0	108.0	1.0	1.0	0.0	2.0	7.0	1.0	-1.0	1.0	3.0	5.0	0.0	1.0	-1.0	3.0	7.0	-1.0	0.0	0.0	2.0	5.0	-1.0	0.0	1.0	2.0	6.0	0.0	1.0	1.0	4.0	6.0	1.0	0.0	1.0	3.0	6.0	0.0	1.0	2.0	5.0	9.0
NCF1_296_308		1.0	2.0	4.0	8.0	17.0	-1.0	3.0	5.0	10.0	19.0	1.0	2.0	6.0	8.0	15.0	1.0	0.0	4.0	7.0	11.0	66.0	128.0	320.0	649.0	1259.0	7.0	13.0	37.0	75.0	156.0	12.0	24.0	63.0	129.0	252.0	11.0	22.0	59.0	118.0	240.0	62.0	123.0	306.0	608.0	1213.0	8.0	15.0	39.0	83.0	168.0	6.0	13.0	32.0	67.0	137.0	33.0	68.0	171.0	340.0	683.0
VTNC_390_402		1.0	1.0	2.0	6.0	8.0	1.0	2.0	3.0	5.0	10.0	-2.0	2.0	2.0	5.0	9.0	0.0	-1.0	1.0	4.0	7.0	18.0	33.0	83.0	167.0	332.0	4.0	7.0	16.0	31.0	64.0	3.0	7.0	17.0	35.0	72.0	2.0	4.0	8.0	20.0	34.0	14.0	27.0	75.0	149.0	286.0	3.0	9.0	18.0	37.0	75.0	3.0	4.0	12.0	24.0	44.0	6.0	15.0	34.0	70.0	142.0
ADDB_706_718		0.0	2.0	4.0	7.0	14.0	-1.0	1.0	4.0	8.0	15.0	2.0	2.0	4.0	8.0	15.0	1.0	1.0	4.0	6.0	12.0	165.0	327.0	809.0	1614.0	3165.0	10.0	19.0	51.0	99.0	200.0	34.0	72.0	178.0	349.0	706.0	42.0	85.0	215.0	432.0	856.0	140.0	274.0	689.0	1369.0	2692.0	16.0	32.0	84.0	175.0	346.0	31.0	61.0	151.0	301.0	603.0	118.0	231.0	578.0	1153.0	2267.0
C1R_201_213		0.0	0.0	2.0	0.0	3.0	-1.0	1.0	1.0	1.0	2.0	0.0	-1.0	1.0	1.0	5.0	0.0	2.0	0.0	2.0	5.0	0.0	-1.0	0.0	0.0	6.0	1.0	2.0	2.0	3.0	4.0	1.0	1.0	2.0	3.0	3.0	1.0	0.0	1.0	3.0	5.0	-1.0	0.0	0.0	1.0	0.0	0.0	1.0	1.0	2.0	3.0	1.0	1.0	0.0	1.0	1.0	0.0	1.0	0.0	1.0	3.0
ELK1_356_368		0.0	0.0	0.0	3.0	2.0	1.0	0.0	0.0	-1.0	3.0	3.0	1.0	0.0	1.0	4.0	0.0	2.0	0.0	1.0	2.0	1.0	2.0	0.0	2.0	5.0	0.0	0.0	1.0	3.0	7.0	-1.0	1.0	1.0	1.0	3.0	1.0	0.0	0.0	1.0	4.0	0.0	0.0	-1.0	-2.0	-1.0	0.0	1.0	1.0	2.0	3.0	0.0	1.0	-1.0	3.0	1.0	1.0	-1.0	0.0	1.0	5.0
GYS2_1_13		8.0	17.0	44.0	91.0	175.0	10.0	22.0	54.0	109.0	215.0	6.0	14.0	34.0	69.0	144.0	6.0	14.0	38.0	78.0	159.0	17.0	34.0	84.0	177.0	341.0	5.0	14.0	32.0	65.0	138.0	5.0	11.0	30.0	64.0	128.0	8.0	11.0	32.0	63.0	130.0	9.0	30.0	77.0	152.0	299.0	6.0	13.0	33.0	64.0	133.0	1.0	6.0	16.0	37.0	79.0	9.0	17.0	51.0	100.0	197.0
KIF11_919_931		-2.0	1.0	2.0	2.0	1.0	0.0	0.0	0.0	-1.0	3.0	-1.0	-1.0	2.0	1.0	2.0	-2.0	-1.0	0.0	1.0	2.0	0.0	0.0	0.0	1.0	6.0	0.0	2.0	0.0	3.0	3.0	-1.0	-1.0	0.0	1.0	5.0	0.0	0.0	1.0	2.0	6.0	1.0	1.0	-3.0	-2.0	3.0	-1.0	0.0	0.0	0.0	0.0	0.0	-1.0	0.0	0.0	1.0	0.0	-1.0	-2.0	-2.0	-5.0
MP2K1_281_293		0.0	-2.0	-1.0	1.0	1.0	-1.0	-1.0	0.0	0.0	1.0	1.0	1.0	0.0	1.0	2.0	1.0	0.0	0.0	1.0	2.0	2.0	-1.0	-1.0	1.0	3.0	1.0	0.0	0.0	3.0	5.0	0.0	1.0	1.0	4.0	2.0	1.0	1.0	2.0	0.0	4.0	-1.0	-1.0	0.0	0.0	-2.0	1.0	0.0	0.0	2.0	2.0	0.0	-1.0	1.0	2.0	1.0	0.0	-1.0	0.0	0.0	2.0
NTRK3_824_836		0.0	0.0	0.0	0.0	3.0	1.0	1.0	1.0	2.0	4.0	0.0	1.0	2.0	2.0	4.0	0.0	1.0	1.0	3.0	4.0	0.0	0.0	-1.0	0.0	-4.0	0.0	1.0	2.0	4.0	8.0	0.0	1.0	2.0	5.0	6.0	1.0	3.0	1.0	3.0	5.0	0.0	-2.0	-2.0	-4.0	-9.0	0.0	1.0	0.0	1.0	4.0	2.0	0.0	0.0	0.0	3.0	-2.0	0.0	2.0	0.0	1.0
RAP1B_172_184		1.0	1.0	2.0	7.0	11.0	2.0	1.0	4.0	6.0	11.0	-1.0	1.0	4.0	7.0	12.0	1.0	1.0	3.0	5.0	9.0	102.0	196.0	494.0	984.0	1921.0	7.0	12.0	33.0	69.0	134.0	13.0	27.0	72.0	144.0	282.0	14.0	23.0	60.0	119.0	239.0	103.0	210.0	525.0	1054.0	2079.0	9.0	18.0	51.0	101.0	199.0	20.0	39.0	99.0	192.0	381.0	73.0	147.0	365.0	723.0	1439.0
TAU_524_536		0.0	0.0	1.0	2.0	1.0	-2.0	0.0	1.0	2.0	4.0	-1.0	0.0	1.0	2.0	5.0	0.0	0.0	1.0	4.0	5.0	4.0	5.0	12.0	27.0	50.0	1.0	2.0	1.0	4.0	9.0	1.0	1.0	2.0	4.0	9.0	-1.0	1.0	1.0	3.0	6.0	2.0	6.0	14.0	26.0	63.0	2.0	-1.0	3.0	2.0	4.0	0.0	1.0	1.0	3.0	8.0	0.0	1.0	4.0	7.0	16.0
CREB1_126_138		-1.0	1.0	3.0	5.0	11.0	0.0	1.0	3.0	6.0	12.0	1.0	2.0	3.0	3.0	7.0	-2.0	1.0	0.0	2.0	7.0	8.0	16.0	39.0	80.0	161.0	1.0	2.0	9.0	16.0	30.0	1.0	3.0	8.0	16.0	31.0	0.0	3.0	6.0	12.0	23.0	6.0	14.0	34.0	72.0	146.0	1.0	4.0	8.0	15.0	29.0	0.0	1.0	2.0	8.0	12.0	1.0	3.0	9.0	18.0	38.0
NCF1_321_333		-1.0	1.0	4.0	4.0	7.0	0.0	0.0	1.0	5.0	8.0	1.0	1.0	3.0	3.0	5.0	2.0	-1.0	1.0	4.0	5.0	2.0	6.0	13.0	22.0	49.0	0.0	2.0	6.0	8.0	23.0	1.0	3.0	5.0	14.0	26.0	0.0	-1.0	3.0	6.0	13.0	2.0	3.0	12.0	23.0	42.0	2.0	2.0	5.0	10.0	20.0	1.0	0.0	2.0	6.0	8.0	0.0	1.0	4.0	9.0	23.0
CFTR_761_773		2.0	1.0	7.0	11.0	25.0	1.0	3.0	8.0	17.0	31.0	1.0	1.0	7.0	12.0	21.0	0.0	0.0	5.0	8.0	18.0	26.0	48.0	121.0	242.0	479.0	6.0	9.0	22.0	46.0	92.0	0.0	8.0	23.0	47.0	97.0	3.0	6.0	16.0	29.0	59.0	20.0	38.0	97.0	195.0	399.0	3.0	7.0	17.0	36.0	71.0	2.0	3.0	7.0	14.0	28.0	5.0	10.0	29.0	55.0	115.0
AKT1_301_313		2.0	-1.0	1.0	3.0	3.0	-1.0	0.0	2.0	2.0	4.0	-1.0	1.0	1.0	1.0	4.0	-1.0	0.0	-1.0	1.0	4.0	-1.0	-2.0	-3.0	-4.0	-9.0	0.0	0.0	0.0	1.0	6.0	0.0	2.0	0.0	1.0	-1.0	0.0	0.0	1.0	2.0	3.0	-2.0	-1.0	-3.0	-8.0	-12.0	1.0	0.0	-1.0	3.0	2.0	-1.0	1.0	1.0	3.0	2.0	-1.0	-1.0	-3.0	-3.0	-10.0
CA2D1_494_506		2.0	5.0	9.0	19.0	34.0	1.0	5.0	9.0	19.0	38.0	0.0	2.0	7.0	11.0	23.0	1.0	2.0	8.0	12.0	26.0	-1.0	2.0	2.0	6.0	9.0	-1.0	2.0	5.0	8.0	17.0	0.0	2.0	5.0	7.0	15.0	2.0	2.0	6.0	7.0	14.0	1.0	2.0	2.0	4.0	7.0	0.0	1.0	1.0	5.0	11.0	0.0	0.0	3.0	3.0	6.0	1.0	0.0	3.0	3.0	10.0
ELK1_410_422		0.0	0.0	0.0	-1.0	0.0	0.0	-1.0	2.0	1.0	2.0	1.0	1.0	0.0	0.0	1.0	0.0	-1.0	0.0	2.0	2.0	-2.0	-4.0	-6.0	-15.0	-37.0	0.0	0.0	0.0	-2.0	-3.0	-2.0	-4.0	-4.0	-6.0	-10.0	0.0	-2.0	-2.0	-10.0	-17.0	-2.0	-2.0	-2.0	-15.0	-25.0	-1.0	-2.0	-1.0	-2.0	-9.0	-3.0	-2.0	-3.0	-3.0	-8.0	-1.0	-2.0	-7.0	-11.0	-17.0
H2B1B_ 27_40		1.0	2.0	2.0	5.0	11.0	0.0	1.0	1.0	5.0	11.0	0.0	1.0	3.0	6.0	11.0	0.0	1.0	2.0	5.0	10.0	287.0	559.0	1389.0	2744.0	3487.0	84.0	167.0	416.0	834.0	1646.0	148.0	291.0	724.0	1440.0	2841.0	158.0	313.0	781.0	1540.0	3047.0	270.0	526.0	1310.0	2580.0	3392.0	114.0	231.0	577.0	1146.0	2267.0	155.0	302.0	742.0	1481.0	2902.0	248.0	486.0	1214.0	2426.0	3574.0
KIF2C_105_118_S106G		0.0	2.0	7.0	15.0	32.0	3.0	4.0	9.0	18.0	39.0	1.0	4.0	12.0	23.0	46.0	2.0	3.0	5.0	10.0	23.0	62.0	127.0	309.0	607.0	1231.0	6.0	7.0	22.0	46.0	95.0	6.0	14.0	37.0	72.0	144.0	6.0	12.0	30.0	58.0	115.0	64.0	133.0	328.0	649.0	1288.0	6.0	12.0	32.0	64.0	123.0	5.0	9.0	31.0	58.0	118.0	29.0	59.0	147.0	291.0	582.0
MP2K1_287_299		0.0	2.0	6.0	10.0	17.0	0.0	1.0	8.0	11.0	21.0	0.0	1.0	6.0	10.0	21.0	2.0	4.0	6.0	10.0	20.0	0.0	4.0	7.0	18.0	30.0	3.0	2.0	6.0	15.0	28.0	1.0	2.0	6.0	11.0	24.0	-1.0	1.0	6.0	14.0	28.0	3.0	4.0	7.0	15.0	27.0	0.0	2.0	7.0	13.0	26.0	1.0	2.0	3.0	9.0	17.0	0.0	2.0	6.0	10.0	21.0
P53_12_24		2.0	0.0	3.0	3.0	8.0	1.0	1.0	3.0	4.0	7.0	0.0	1.0	0.0	3.0	9.0	-1.0	-1.0	3.0	3.0	8.0	2.0	1.0	1.0	3.0	3.0	-1.0	1.0	3.0	5.0	8.0	0.0	1.0	2.0	4.0	7.0	1.0	0.0	3.0	4.0	9.0	0.0	1.0	2.0	1.0	6.0	1.0	1.0	0.0	4.0	8.0	1.0	1.0	2.0	3.0	6.0	1.0	1.0	1.0	3.0	6.0
RB_242_254		0.0	1.0	5.0	6.0	14.0	1.0	1.0	3.0	7.0	13.0	2.0	1.0	3.0	6.0	11.0	0.0	2.0	3.0	7.0	12.0	0.0	1.0	2.0	4.0	4.0	-1.0	3.0	4.0	8.0	17.0	0.0	1.0	4.0	8.0	15.0	-1.0	1.0	4.0	8.0	16.0	0.0	0.0	0.0	7.0	8.0	0.0	2.0	3.0	10.0	17.0	-1.0	3.0	3.0	5.0	13.0	-1.0	-1.0	1.0	6.0	13.0
TLE2_246_258		-1.0	-1.0	1.0	1.0	2.0	3.0	1.0	1.0	0.0	1.0	1.0	0.0	1.0	1.0	3.0	0.0	1.0	0.0	2.0	3.0	-1.0	-2.0	-2.0	-5.0	-8.0	1.0	-1.0	0.0	3.0	4.0	0.0	0.0	-2.0	1.0	1.0	-1.0	0.0	-1.0	0.0	0.0	-1.0	-1.0	-2.0	0.0	-6.0	1.0	2.0	0.0	-2.0	-1.0	-1.0	-1.0	0.0	0.0	-2.0	0.0	-2.0	-4.0	-3.0	-6.0
DESP_2842_2854		1.0	1.0	1.0	1.0	5.0	2.0	0.0	1.0	1.0	4.0	0.0	0.0	1.0	3.0	3.0	0.0	1.0	1.0	2.0	5.0	4.0	12.0	30.0	56.0	119.0	0.0	2.0	3.0	7.0	11.0	2.0	0.0	3.0	7.0	12.0	1.0	1.0	1.0	4.0	8.0	4.0	9.0	22.0	45.0	98.0	0.0	0.0	3.0	6.0	14.0	1.0	3.0	2.0	6.0	14.0	1.0	3.0	9.0	17.0	32.0
NFKB1_330_342		0.0	-2.0	2.0	2.0	3.0	1.0	1.0	0.0	2.0	4.0	1.0	-1.0	0.0	1.0	4.0	1.0	0.0	1.0	1.0	4.0	-1.0	5.0	13.0	27.0	47.0	-1.0	3.0	2.0	7.0	13.0	1.0	2.0	3.0	5.0	13.0	0.0	1.0	3.0	6.0	11.0	2.0	3.0	12.0	25.0	46.0	1.0	1.0	3.0	7.0	12.0	-1.0	1.0	2.0	4.0	6.0	1.0	2.0	3.0	9.0	19.0
F263_454_466		0.0	0.0	2.0	1.0	4.0	0.0	0.0	3.0	5.0	9.0	1.0	0.0	3.0	3.0	7.0	1.0	-1.0	0.0	4.0	5.0	1.0	3.0	4.0	10.0	21.0	2.0	0.0	2.0	4.0	8.0	1.0	1.0	2.0	4.0	9.0	0.0	2.0	2.0	5.0	8.0	2.0	2.0	2.0	7.0	13.0	-2.0	1.0	2.0	3.0	6.0	1.0	0.0	2.0	2.0	5.0	1.0	1.0	4.0	6.0	11.0
ANDR_785_797		1.0	3.0	7.0	10.0	25.0	3.0	4.0	9.0	16.0	33.0	2.0	2.0	5.0	11.0	23.0	1.0	0.0	4.0	10.0	21.0	248.0	487.0	1202.0	2364.0	3628.0	52.0	105.0	255.0	509.0	1022.0	78.0	157.0	386.0	770.0	1526.0	56.0	111.0	279.0	556.0	1104.0	195.0	384.0	949.0	1835.0	3642.0	60.0	114.0	281.0	575.0	1137.0	42.0	82.0	203.0	409.0	817.0	129.0	253.0	630.0	1268.0	2498.0
CD27_212_224		0.0	1.0	6.0	11.0	15.0	1.0	1.0	5.0	11.0	22.0	1.0	3.0	3.0	8.0	19.0	0.0	1.0	2.0	8.0	14.0	0.0	0.0	2.0	6.0	13.0	1.0	2.0	4.0	12.0	21.0	1.0	2.0	3.0	7.0	18.0	2.0	2.0	4.0	10.0	21.0	-1.0	0.0	-1.0	4.0	7.0	0.0	2.0	3.0	10.0	24.0	0.0	0.0	4.0	5.0	12.0	3.0	1.0	2.0	8.0	12.0
ERBB2_679_691		4.0	8.0	18.0	37.0	75.0	4.0	8.0	21.0	40.0	82.0	3.0	6.0	15.0	31.0	62.0	1.0	4.0	10.0	22.0	42.0	244.0	479.0	1195.0	2376.0	3553.0	64.0	124.0	302.0	602.0	1197.0	97.0	193.0	478.0	946.0	1893.0	93.0	182.0	453.0	903.0	1797.0	203.0	404.0	996.0	1975.0	3579.0	76.0	151.0	375.0	740.0	1486.0	70.0	139.0	341.0	688.0	1366.0	160.0	315.0	778.0	1558.0	3068.0
H32_3_18		0.0	0.0	3.0	4.0	10.0	1.0	2.0	2.0	3.0	12.0	0.0	0.0	3.0	6.0	10.0	1.0	2.0	3.0	5.0	9.0	195.0	383.0	953.0	1908.0	3588.0	14.0	30.0	75.0	153.0	300.0	48.0	99.0	250.0	499.0	993.0	51.0	102.0	252.0	506.0	1015.0	182.0	358.0	893.0	1760.0	3458.0	23.0	49.0	122.0	243.0	477.0	34.0	70.0	172.0	343.0	681.0	131.0	252.0	627.0	1260.0	2465.0
KPCB_19_31_A25S		2.0	3.0	8.0	18.0	34.0	1.0	4.0	9.0	22.0	38.0	2.0	3.0	9.0	14.0	27.0	2.0	2.0	6.0	12.0	25.0	36.0	74.0	186.0	375.0	741.0	3.0	7.0	13.0	27.0	56.0	4.0	9.0	24.0	45.0	94.0	5.0	11.0	28.0	55.0	113.0	41.0	78.0	197.0	399.0	805.0	4.0	7.0	17.0	34.0	70.0	5.0	11.0	27.0	58.0	117.0	33.0	66.0	159.0	326.0	649.0
MPH6_140_152		1.0	-1.0	0.0	0.0	4.0	1.0	0.0	-1.0	0.0	3.0	1.0	0.0	2.0	2.0	3.0	0.0	0.0	1.0	2.0	5.0	-1.0	0.0	-2.0	-1.0	1.0	1.0	0.0	2.0	2.0	2.0	1.0	0.0	0.0	4.0	3.0	1.0	0.0	0.0	2.0	4.0	1.0	0.0	1.0	-1.0	2.0	0.0	1.0	0.0	2.0	1.0	0.0	-2.0	1.0	1.0	4.0	1.0	2.0	-2.0	1.0	3.0
P53_308_323		0.0	1.0	0.0	2.0	6.0	0.0	0.0	1.0	4.0	6.0	0.0	0.0	2.0	2.0	6.0	-2.0	0.0	0.0	2.0	3.0	0.0	1.0	4.0	5.0	8.0	0.0	0.0	1.0	5.0	10.0	0.0	1.0	2.0	3.0	8.0	0.0	0.0	2.0	3.0	6.0	-1.0	0.0	1.0	5.0	10.0	2.0	1.0	1.0	3.0	8.0	0.0	0.0	1.0	3.0	7.0	1.0	2.0	2.0	3.0	9.0
RB_350_362		1.0	1.0	1.0	3.0	6.0	-1.0	1.0	0.0	4.0	6.0	0.0	0.0	1.0	5.0	5.0	-1.0	0.0	2.0	3.0	5.0	0.0	2.0	1.0	4.0	18.0	1.0	0.0	-1.0	5.0	9.0	0.0	1.0	1.0	5.0	9.0	-1.0	0.0	0.0	5.0	4.0	0.0	-1.0	0.0	6.0	12.0	2.0	2.0	1.0	3.0	9.0	0.0	0.0	0.0	4.0	10.0	0.0	0.0	0.0	4.0	16.0
TOP2A_1463_1475		1.0	1.0	5.0	9.0	17.0	1.0	2.0	5.0	11.0	23.0	1.0	1.0	7.0	13.0	26.0	2.0	1.0	3.0	8.0	14.0	528.0	1033.0	2560.0	3618.0	3232.0	114.0	223.0	560.0	1098.0	2189.0	182.0	365.0	912.0	1798.0	3539.0	155.0	312.0	783.0	1552.0	3045.0	487.0	957.0	2387.0	3577.0	3137.0	122.0	247.0	611.0	1225.0	2423.0	171.0	338.0	837.0	1671.0	3274.0	350.0	684.0	1679.0	3322.0	3538.0
E1A_ADE05_212_224		14.0	27.0	68.0	138.0	277.0	18.0	34.0	91.0	180.0	355.0	18.0	35.0	89.0	178.0	354.0	9.0	17.0	40.0	82.0	168.0	5.0	9.0	24.0	51.0	110.0	2.0	2.0	4.0	14.0	27.0	1.0	4.0	7.0	15.0	34.0	1.0	2.0	4.0	10.0	21.0	5.0	9.0	22.0	43.0	93.0	1.0	2.0	5.0	11.0	21.0	0.0	-1.0	1.0	5.0	14.0	2.0	3.0	9.0	19.0	36.0
PLM_76_88		-1.0	-1.0	2.0	1.0	5.0	0.0	0.0	0.0	3.0	2.0	1.0	0.0	2.0	3.0	4.0	1.0	0.0	2.0	0.0	2.0	8.0	17.0	41.0	82.0	158.0	2.0	2.0	7.0	15.0	25.0	0.0	4.0	7.0	12.0	29.0	0.0	0.0	5.0	8.0	14.0	6.0	15.0	38.0	81.0	154.0	0.0	4.0	6.0	10.0	23.0	0.0	1.0	2.0	4.0	6.0	4.0	4.0	10.0	21.0	46.0
KAP3_107_119		4.0	4.0	12.0	23.0	41.0	4.0	4.0	13.0	30.0	56.0	2.0	3.0	8.0	15.0	33.0	3.0	3.0	8.0	17.0	33.0	38.0	76.0	198.0	396.0	771.0	5.0	9.0	23.0	48.0	96.0	4.0	9.0	24.0	45.0	90.0	3.0	7.0	15.0	28.0	59.0	31.0	65.0	165.0	329.0	660.0	3.0	8.0	28.0	53.0	110.0	8.0	16.0	38.0	76.0	154.0	23.0	47.0	122.0	247.0	490.0
ANXA1_209_221		1.0	-1.0	-2.0	0.0	4.0	1.0	0.0	0.0	2.0	3.0	-1.0	0.0	-1.0	1.0	3.0	0.0	1.0	-1.0	0.0	4.0	-1.0	-1.0	0.0	-2.0	6.0	-1.0	-2.0	-3.0	-4.0	-5.0	-1.0	0.0	-3.0	-3.0	-8.0	-1.0	0.0	-2.0	-3.0	-4.0	-1.0	0.0	0.0	-5.0	-3.0	-2.0	-1.0	-2.0	-3.0	-8.0	-1.0	0.0	-1.0	-2.0	-1.0	0.0	0.0	-3.0	-3.0	-8.0
CDC2_154_169		1.0	0.0	2.0	3.0	6.0	-1.0	1.0	0.0	3.0	6.0	0.0	1.0	3.0	3.0	6.0	-1.0	1.0	1.0	2.0	8.0	0.0	1.0	-1.0	0.0	-5.0	0.0	0.0	1.0	1.0	5.0	1.0	0.0	0.0	2.0	3.0	0.0	0.0	1.0	3.0	6.0	-1.0	-1.0	-1.0	-2.0	-4.0	-2.0	1.0	1.0	0.0	2.0	-1.0	0.0	1.0	2.0	5.0	0.0	0.0	1.0	0.0	1.0
ERF_519_531		0.0	1.0	0.0	1.0	3.0	1.0	-1.0	1.0	3.0	1.0	1.0	2.0	1.0	3.0	2.0	0.0	0.0	1.0	2.0	5.0	3.0	7.0	19.0	42.0	93.0	-1.0	1.0	3.0	4.0	8.0	-1.0	-1.0	-1.0	3.0	9.0	0.0	-1.0	1.0	3.0	8.0	3.0	7.0	18.0	37.0	73.0	2.0	0.0	1.0	4.0	7.0	2.0	0.0	0.0	4.0	7.0	1.0	3.0	10.0	20.0	43.0
IF4E_203_215		0.0	1.0	3.0	5.0	9.0	1.0	1.0	3.0	6.0	11.0	1.0	1.0	2.0	5.0	10.0	-1.0	1.0	2.0	5.0	7.0	-1.0	1.0	4.0	1.0	16.0	0.0	1.0	3.0	6.0	10.0	0.0	0.0	2.0	3.0	12.0	1.0	0.0	3.0	2.0	8.0	-1.0	1.0	4.0	4.0	10.0	0.0	0.0	2.0	4.0	9.0	1.0	1.0	2.0	3.0	7.0	1.0	-1.0	1.0	5.0	11.0
KPCB_626_639		0.0	0.0	2.0	3.0	4.0	0.0	1.0	2.0	3.0	6.0	1.0	0.0	1.0	2.0	3.0	0.0	-1.0	1.0	3.0	4.0	1.0	0.0	2.0	3.0	8.0	0.0	1.0	2.0	5.0	7.0	1.0	1.0	2.0	3.0	8.0	0.0	0.0	1.0	3.0	7.0	0.0	0.0	1.0	1.0	3.0	2.0	-1.0	1.0	3.0	5.0	0.0	0.0	1.0	1.0	2.0	0.0	0.0	-1.0	1.0	3.0
MPIP1_172_184		2.0	0.0	4.0	8.0	11.0	1.0	2.0	5.0	8.0	18.0	3.0	0.0	2.0	4.0	13.0	0.0	2.0	2.0	6.0	15.0	5.0	11.0	26.0	52.0	100.0	2.0	3.0	11.0	22.0	40.0	3.0	5.0	10.0	21.0	40.0	1.0	2.0	8.0	16.0	32.0	6.0	15.0	38.0	73.0	147.0	0.0	5.0	12.0	23.0	45.0	2.0	1.0	6.0	12.0	25.0	3.0	5.0	15.0	31.0	59.0
PDE5A_95_107		0.0	-1.0	0.0	1.0	1.0	0.0	-1.0	3.0	1.0	2.0	1.0	1.0	-1.0	0.0	2.0	0.0	2.0	0.0	1.0	2.0	0.0	2.0	2.0	4.0	8.0	0.0	-1.0	0.0	2.0	5.0	0.0	1.0	2.0	3.0	6.0	0.0	0.0	1.0	3.0	4.0	1.0	1.0	2.0	2.0	8.0	1.0	0.0	2.0	2.0	6.0	0.0	1.0	1.0	1.0	3.0	1.0	1.0	1.0	1.0	6.0
RB_774_786		0.0	-1.0	0.0	2.0	4.0	0.0	2.0	1.0	3.0	5.0	-1.0	-1.0	1.0	0.0	2.0	0.0	0.0	0.0	2.0	0.0	0.0	0.0	0.0	4.0	10.0	1.0	0.0	1.0	2.0	9.0	1.0	1.0	1.0	3.0	7.0	0.0	0.0	1.0	3.0	8.0	0.0	1.0	2.0	5.0	11.0	1.0	1.0	1.0	6.0	8.0	-1.0	1.0	0.0	2.0	4.0	0.0	-1.0	2.0	4.0	9.0
VASP_150_162		0.0	1.0	2.0	1.0	2.0	0.0	1.0	0.0	0.0	1.0	0.0	1.0	0.0	0.0	2.0	0.0	-1.0	0.0	0.0	1.0	0.0	1.0	3.0	7.0	15.0	1.0	1.0	-1.0	1.0	3.0	1.0	1.0	2.0	4.0	7.0	-2.0	0.0	0.0	4.0	7.0	0.0	2.0	3.0	7.0	19.0	-2.0	1.0	0.0	1.0	5.0	0.0	0.0	0.0	-1.0	7.0	-1.0	-2.0	2.0	3.0	6.0
EPB42_241_253		1.0	0.0	4.0	6.0	8.0	1.0	0.0	1.0	4.0	10.0	-1.0	2.0	3.0	3.0	6.0	0.0	0.0	1.0	3.0	7.0	1.0	5.0	7.0	19.0	34.0	0.0	1.0	2.0	5.0	11.0	0.0	0.0	1.0	3.0	4.0	-1.0	0.0	0.0	0.0	2.0	2.0	3.0	4.0	14.0	27.0	1.0	-1.0	2.0	2.0	5.0	1.0	0.0	0.0	-2.0	-1.0	-1.0	-1.0	0.0	1.0	3.0
PTN12_32_44		0.0	3.0	6.0	9.0	24.0	2.0	2.0	7.0	13.0	29.0	1.0	3.0	4.0	7.0	17.0	2.0	1.0	2.0	5.0	13.0	277.0	546.0	1369.0	2694.0	3549.0	86.0	169.0	418.0	827.0	1643.0	108.0	216.0	538.0	1070.0	2123.0	67.0	136.0	333.0	669.0	1330.0	250.0	505.0	1235.0	2459.0	3502.0	83.0	166.0	424.0	843.0	1680.0	69.0	143.0	351.0	698.0	1377.0	172.0	340.0	845.0	1683.0	3295.0
KCNA6_504_516		1.0	-1.0	7.0	12.0	24.0	2.0	5.0	10.0	19.0	34.0	1.0	4.0	9.0	15.0	34.0	-1.0	1.0	2.0	9.0	16.0	62.0	123.0	306.0	621.0	1228.0	8.0	16.0	40.0	83.0	166.0	10.0	21.0	52.0	108.0	217.0	6.0	13.0	37.0	74.0	152.0	63.0	129.0	318.0	634.0	1260.0	6.0	16.0	44.0	88.0	176.0	7.0	17.0	42.0	87.0	175.0	28.0	58.0	150.0	299.0	590.0
pVASP_150_164		175.0	344.0	843.0	1694.0	3345.0	196.0	395.0	989.0	1927.0	3637.0	206.0	402.0	1011.0	2005.0	3751.0	167.0	323.0	818.0	1612.0	3125.0	184.0	355.0	877.0	1747.0	3417.0	220.0	437.0	1065.0	2117.0	3700.0	195.0	390.0	963.0	1905.0	3716.0	183.0	356.0	889.0	1767.0	3478.0	143.0	281.0	701.0	1377.0	2719.0	180.0	352.0	869.0	1751.0	3345.0	131.0	260.0	651.0	1286.0	2543.0	135.0	267.0	659.0	1314.0	2592.0
CDK7_163_175		1.0	3.0	9.0	15.0	29.0	0.0	3.0	7.0	19.0	39.0	1.0	2.0	5.0	11.0	24.0	0.0	3.0	7.0	13.0	35.0	3.0	5.0	13.0	34.0	71.0	2.0	2.0	11.0	20.0	36.0	1.0	3.0	6.0	13.0	30.0	1.0	4.0	10.0	21.0	44.0	3.0	5.0	17.0	33.0	76.0	2.0	6.0	16.0	25.0	61.0	2.0	3.0	11.0	18.0	43.0	4.0	8.0	23.0	38.0	78.0
ESR1_160_172		2.0	2.0	11.0	23.0	51.0	3.0	5.0	17.0	32.0	67.0	3.0	8.0	18.0	37.0	75.0	1.0	4.0	8.0	16.0	32.0	38.0	79.0	196.0	391.0	772.0	4.0	7.0	16.0	33.0	67.0	5.0	10.0	29.0	56.0	116.0	4.0	8.0	25.0	43.0	93.0	38.0	76.0	185.0	374.0	745.0	3.0	6.0	16.0	32.0	61.0	5.0	7.0	18.0	35.0	75.0	11.0	23.0	57.0	118.0	230.0
IKBA_26_38		0.0	-1.0	1.0	0.0	2.0	-1.0	0.0	0.0	1.0	0.0	0.0	0.0	0.0	3.0	3.0	1.0	1.0	2.0	0.0	2.0	-1.0	-1.0	-1.0	-1.0	0.0	1.0	1.0	2.0	3.0	2.0	1.0	0.0	1.0	2.0	3.0	0.0	1.0	1.0	1.0	1.0	1.0	-1.0	1.0	2.0	-2.0	0.0	1.0	0.0	1.0	2.0	0.0	-1.0	2.0	1.0	1.0	1.0	2.0	1.0	0.0	1.0
KS6A1_374_386		2.0	2.0	4.0	7.0	15.0	1.0	3.0	3.0	10.0	20.0	0.0	2.0	4.0	8.0	17.0	1.0	1.0	2.0	7.0	12.0	1.0	3.0	5.0	13.0	24.0	1.0	5.0	6.0	15.0	29.0	2.0	4.0	7.0	13.0	26.0	1.0	3.0	5.0	11.0	25.0	0.0	2.0	6.0	12.0	22.0	0.0	3.0	8.0	11.0	28.0	0.0	3.0	7.0	11.0	20.0	2.0	2.0	5.0	9.0	18.0
MPIP3_208_220		-1.0	1.0	2.0	4.0	6.0	0.0	1.0	1.0	2.0	8.0	2.0	1.0	0.0	3.0	4.0	-1.0	1.0	2.0	4.0	7.0	3.0	2.0	5.0	10.0	22.0	1.0	0.0	0.0	5.0	11.0	1.0	1.0	3.0	4.0	11.0	1.0	1.0	2.0	5.0	8.0	2.0	4.0	5.0	11.0	24.0	2.0	1.0	2.0	5.0	13.0	0.0	1.0	1.0	5.0	11.0	1.0	3.0	4.0	9.0	21.0
PDPK1_27_39		-2.0	-1.0	0.0	1.0	2.0	0.0	1.0	0.0	1.0	4.0	-1.0	1.0	-1.0	1.0	1.0	0.0	1.0	1.0	1.0	1.0	2.0	1.0	1.0	1.0	2.0	2.0	-1.0	1.0	0.0	2.0	1.0	1.0	1.0	2.0	3.0	-1.0	-1.0	-1.0	1.0	1.0	0.0	-1.0	2.0	2.0	1.0	-1.0	-1.0	1.0	0.0	1.0	0.0	-1.0	1.0	1.0	2.0	1.0	1.0	0.0	1.0	4.0
RB_803_815		2.0	3.0	7.0	13.0	26.0	2.0	-1.0	7.0	15.0	32.0	1.0	2.0	6.0	9.0	20.0	1.0	-1.0	3.0	8.0	18.0	2.0	4.0	8.0	17.0	32.0	1.0	3.0	5.0	12.0	24.0	2.0	3.0	6.0	9.0	19.0	1.0	2.0	6.0	10.0	19.0	0.0	2.0	4.0	12.0	23.0	1.0	2.0	6.0	12.0	24.0	-1.0	0.0	5.0	7.0	11.0	1.0	0.0	5.0	11.0	22.0
VASP_232_244		-1.0	1.0	0.0	2.0	3.0	0.0	0.0	1.0	2.0	3.0	-1.0	0.0	2.0	1.0	5.0	-2.0	-1.0	0.0	1.0	4.0	-1.0	1.0	5.0	9.0	20.0	2.0	0.0	2.0	4.0	7.0	0.0	1.0	1.0	3.0	7.0	0.0	1.0	1.0	4.0	7.0	0.0	1.0	2.0	9.0	9.0	0.0	1.0	2.0	2.0	5.0	1.0	1.0	1.0	3.0	4.0	-1.0	1.0	1.0	4.0	8.0
GBRB2_427_439		2.0	1.0	6.0	8.0	21.0	2.0	2.0	7.0	16.0	29.0	1.0	2.0	6.0	11.0	20.0	0.0	0.0	3.0	8.0	16.0	106.0	210.0	519.0	1042.0	2049.0	18.0	33.0	83.0	164.0	329.0	21.0	41.0	105.0	209.0	419.0	11.0	24.0	58.0	118.0	234.0	109.0	212.0	530.0	1053.0	2086.0	14.0	33.0	83.0	168.0	334.0	10.0	18.0	46.0	91.0	185.0	48.0	93.0	227.0	452.0	897.0
PYGL_8_20		0.0	-1.0	3.0	4.0	8.0	1.0	-1.0	2.0	4.0	11.0	1.0	1.0	1.0	5.0	5.0	0.0	1.0	3.0	3.0	8.0	3.0	6.0	15.0	19.0	51.0	1.0	3.0	9.0	17.0	31.0	2.0	4.0	7.0	12.0	26.0	0.0	3.0	5.0	13.0	24.0	2.0	7.0	22.0	35.0	86.0	2.0	3.0	7.0	13.0	22.0	2.0	1.0	7.0	10.0	27.0	0.0	5.0	9.0	20.0	41.0
TY3H_65_77		1.0	0.0	2.0	4.0	5.0	0.0	1.0	1.0	5.0	6.0	0.0	1.0	1.0	2.0	5.0	0.0	1.0	1.0	1.0	5.0	1.0	2.0	11.0	20.0	36.0	1.0	0.0	1.0	4.0	10.0	1.0	0.0	2.0	5.0	9.0	0.0	1.0	3.0	4.0	10.0	2.0	4.0	5.0	16.0	33.0	0.0	2.0	0.0	3.0	11.0	1.0	1.0	1.0	4.0	3.0	1.0	0.0	2.0	4.0	13.0