Kinase Uniprot ID	Kinase Name	Mean Specificity Score	Mean Significance Score	Mean Final Score	Median Final score	Mean Kinase Statistic	Median Kinase Statistic	SD Kinase Statitistic	Mean peptide set size
P17252	PKC[alpha]	2.21833891246453	NA	2.21833891246453	2.22184874961636	-0.471544842355539	-0.453787507682011	0.0333622873441391	27.2222222222222
P17612	PKA[alpha]	2.31967722686951	NA	2.31967722686951	2.22184874961636	-0.374205353461601	-0.378977203369141	0.0118548925091564	49.1111111111111
Q9UQM7	CaMK2[alpha]	1.72655968515621	NA	1.72655968515621	1.69897000433602	-0.955738306045532	-0.955738306045532	0	3
Q04759	PKC[theta]	1.37565250498249	NA	1.37565250498249	1.3767507096021	-0.422363300536657	-0.42925911364348	0.0106941741490052	22
Q13131	AMPK[alpha]1	1.35553337227737	NA	1.35553337227737	1.3767507096021	-0.558146879390893	-0.53324716091156	0.0460486866925087	9
P05129	PKC[gamma]	1.29817864058829	NA	1.29817864058829	1.33724216831843	-0.462653325642446	-0.473390952746073	0.0209864527460991	14.3333333333333
P11309	Pim1	1.44161464840087	NA	1.44161464840087	1.33724216831843	-0.316144934029864	-0.312830704835153	0.0181901541842879	60.2222222222222
P24723	PKC[eta]	1.18250868168101	NA	1.18250868168101	1.31875876262441	-0.43619972802543	-0.470473483989113	0.0560235172470826	14.4444444444444
P51812	RSK2	1.24489598764303	NA	1.24489598764303	1.26760624017703	-0.525685098436144	-0.525685098436144	0	9
P51817	PRKX	1.16257246792785	NA	1.16257246792785	1.19382002601611	-0.354200553291852	-0.356587110338984	0.0265089436653331	29.8888888888889
Q13976	PKG1	1.21844850660634	NA	1.21844850660634	1.18045606445813	-0.335407236090976	-0.351600152415198	0.0369581945506694	37.5555555555556
Q9P1W9	Pim2	0.986618259079268	NA	0.986618259079268	1.09691001300806	-0.326593116848236	-0.339727422053164	0.0291416881900918	38.4444444444444
Q05655	PKC[delta]	1.0878951242965	NA	1.0878951242965	1.08618614761628	-0.386157260569644	-0.38158513152081	0.0218150211022508	22.7777777777778
O75116	ROCK2	0.963254512151622	NA	0.963254512151622	1.03621217265444	-0.550689949989319	-0.587966513633728	0.1028048616308	4.4
Q02156	PKC[epsilon]	0.990037098140397	NA	0.990037098140397	1	-0.384162591229834	-0.38811006753341	0.0226610158183592	19.4444444444444
Q86V86	Pim3	1.26666061765356	NA	1.26666061765356	1	-0.310084056668666	-0.301273180970124	0.0154877295159701	57.1111111111111
Q13237	PKG2	0.97402359913687	NA	0.97402359913687	0.913640169325252	-0.337979593767641	-0.335218052864075	0.0202565374917595	33.7777777777778
Q05513	PKC[zeta]	0.838526283916399	NA	0.838526283916399	0.853871964321762	-0.414497972571622	-0.418517576323615	0.0098409673909907	9.55555555555556
P05771	PKC[beta]	0.832841360366085	NA	0.832841360366085	0.84163750790475	-0.41001124382019	-0.41001124382019	0	10
Q9UBS0	p70S6K[beta]	1.06758054018363	NA	1.06758054018363	0.75448733218585	-0.373532107941111	-0.37797702442516	0.0422517050487365	22.5555555555556
P31749	Akt1/PKB[alpha]	0.706453905348623	NA	0.706453905348623	0.721246399047171	-0.319894132458389	-0.322440681712968	0.0168846461981918	29.2222222222222
Q96S38	RSKL1	0.690383051485885	NA	0.690383051485885	0.698991720145923	-0.46804412206014	-0.46804412206014	0	3
Q9HBY8	SGK2	0.604281710403696	NA	0.604281710403696	0.681936665037238	-0.31833016834739	-0.317655775282118	0.0499940197762397	15.6666666666667
Q15131	CDK10	0.666961236556228	NA	0.666961236556228	0.673664139071249	-0.40650105299773	-0.399375041325887	0.0677571853899391	5
O94921	PFTAIRE1	0.637529285878065	NA	0.637529285878065	0.638419989347865	-0.425167918205261	-0.425167918205261	0	3
O14920	IKK[beta]	0.661202699802486	NA	0.661202699802486	0.616184634019569	-0.447685227791468	-0.41575034459432	0.0714085696823402	3.2
P23443	p70S6K	0.661420582428385	NA	0.661420582428385	0.595166283380062	-0.338868077400291	-0.318214752172169	0.0452459151257664	18.5555555555556
P48730	CK1[delta]	0.426042330586297	NA	0.426042330586297	0.537602002101044	0.294578187995487	0.373854041099548	0.157308144214376	3.22222222222222
O60285	NuaK1	0.468838298414453	NA	0.468838298414453	0.474038041976947	-0.313294899132517	-0.314484973748525	0.0311280456800361	5.16666666666667
Q16512	PKN1/PRK1	0.527912171616742	NA	0.527912171616742	0.46344155742847	-0.336270898738235	-0.306176861127218	0.0388973120175688	7
Q16566	CaMK4	0.46647064595454	NA	0.46647064595454	0.450996737974212	-0.30371495958263	-0.300904383261998	0.0454135270946433	12.5555555555556
P41743	PKC[iota]	0.448487481655076	NA	0.448487481655076	0.448550002027125	-0.279451961281306	-0.29920968413353	0.045664811520113	16.1111111111111
O00141	SGK1	0.447766875349501	NA	0.447766875349501	0.446116973356126	-0.324952165285746	-0.324952165285746	0	3
P49841	GSK3[beta]	0.43588881671231	NA	0.43588881671231	0.431798275933005	-0.297375554287875	-0.298294603824615	0.00275714861022101	6.88888888888889
P53778	p38[gamma]	0.380965870500949	NA	0.380965870500949	0.429457060118102	-0.278106672786681	-0.301096677780151	0.0595523336432964	10.5555555555556
P31751	Akt2/PKB[beta]	0.428726654007547	NA	0.428726654007547	0.417936637088291	-0.275555259765638	-0.275115112463633	0.0158777791670612	27.1111111111111
Q9Y6S9	RSKL2	0.418896220355948	NA	0.418896220355948	0.409627482646674	-0.283709704875946	-0.283709704875946	0.161921365377811	3.5
Q96L96	AlphaK1	0.347497363373446	NA	0.347497363373446	0.378823718224965	-0.262641747792562	-0.282320737838745	0.0340850106016316	3.66666666666667
P49840	GSK3[alpha]	0.366445176734581	NA	0.366445176734581	0.374687549038326	-0.264875373023528	-0.273433874050776	0.0206841782892131	5.66666666666667
Q8NI60	ADCK3	0.440565875672506	NA	0.440565875672506	0.372634143407267	-0.298661757960464	-0.261304068565369	0.0764759904405637	8.77777777777778
O15075	DCAMKL1	0.372045498154093	NA	0.372045498154093	0.372045498154093	0.282541910807292	0.282541910807292	0	3
Q9UIK4	DAPK2	0.224800030075679	NA	0.224800030075679	0.344861565188618	-0.152776186996036	-0.266381919384003	0.141359979675575	5.11111111111111
Q9UHD2	TBK1	0.446640856130145	NA	0.446640856130145	0.342944147142896	-0.311456408765581	-0.247441530227661	0.10115371024409	5.33333333333333
Q15349	RSK1/p90RSK	0.31215526729681	NA	0.31215526729681	0.313363730737707	-0.23924724260966	-0.23924724260966	0	6
P49674	CK1[epsilon]	0.27886123927046	NA	0.27886123927046	0.301029995663981	0.211487910482619	0.240228801965714	0.0862226744492849	4.11111111111111
O43930	PRKY	0.27872040874048	NA	0.27872040874048	0.285670240254767	-0.222169816949059	-0.222120672464371	0.04111402240148	10.5555555555556
P68400	CK2[alpha]1	0.327625251104708	NA	0.327625251104708	0.282329496997738	-0.249952267717432	-0.222647786140442	0.0819134447309706	3.88888888888889
O96017	CHK2	0.288592309522317	NA	0.288592309522317	0.279014255846261	-0.219917521984795	-0.241551497403313	0.0870099890668113	18
O75582	MSK1	0.253842063950616	NA	0.253842063950616	0.254925208417942	-0.2149378657341	-0.2149378657341	0	8
Q00534	CDK6	0.254692642528111	NA	0.254692642528111	0.2518119729938	-0.210134864736486	-0.209059039751689	0.00322747495439317	5.88888888888889
Q15418	RSK3	0.237663270087724	NA	0.237663270087724	0.242603971206976	-0.209461617469788	-0.209461617469788	0	10
O95819	HGK/ZC1	0.280626911450942	NA	0.280626911450942	0.239577516576788	-0.222621968449379	-0.189412176609039	0.051503325872219	5.71428571428571
Q9BWU1	CDK11	0.235292715006315	NA	0.235292715006315	0.233587152887601	-0.192944824695587	-0.192944824695587	0	4
Q96GD4	AurB/Aur1	0.23023224519533	NA	0.23023224519533	0.229147988357856	-0.190147752232022	-0.192550706863403	0.0584385848426896	5.11111111111111
O75676	MSK2	0.221747627649288	NA	0.221747627649288	0.224753740259764	-0.192009846369425	-0.192009846369425	0	3
Q14164	IKK[epsilon]	0.260514648147427	NA	0.260514648147427	0.217527375833714	-0.214310214759181	-0.194457438257005	0.0599590165100302	6.55555555555556
P11802	CDK4	0.212246336694911	NA	0.212246336694911	0.210419287835575	-0.187693105330543	-0.190336670194353	0.00793069459143139	7.11111111111111
Q8IVW4	CDKL3	0.207608310501746	NA	0.207608310501746	0.207608310501746	0.193895816802979	0.193895816802979	NA	3
Q8TD08	ERK7	0.207608310501746	NA	0.207608310501746	0.207608310501746	-0.170456022024155	-0.170456022024155	NA	4
Q15118	PDHK1	0.109997483259426	NA	0.109997483259426	0.159893905543242	0.0977066606283188	0.144319772720337	0.0699196681380272	3.33333333333333
O15530	PDK1	0.149744308323136	NA	0.149744308323136	0.156144577376839	0.133512655893962	0.133512655893962	0	3
Q13464	ROCK1	0.304510584167874	NA	0.304510584167874	0.156144577376839	-0.226397247314453	-0.129218339920044	0.133067699234059	4.4
P45983	JNK1	0.154543004611441	NA	0.154543004611441	0.153662887870195	-0.202304444808528	-0.208045001540865	0.0170233090065295	27.4444444444444
P53779	JNK3	0.14811306372773	NA	0.14811306372773	0.152427340857888	-0.198791111809242	-0.208045001540865	0.0188548543285846	26.7777777777778
Q15139	PKD1	0.151460837443204	NA	0.151460837443204	0.149966742310231	-0.138376235961914	-0.138376235961914	0	5
Q00526	CDK3	0.117958637537743	NA	0.117958637537743	0.1438755557577	-0.141666391041233	-0.150815531611443	0.0412218941876022	12.1111111111111
Q13164	ERK5	0.201694519405436	NA	0.201694519405436	0.1438755557577	-0.194226116481459	-0.170071905309504	0.0712566823008973	14.7777777777778
Q92772	CDKL2	0.157320735655472	NA	0.157320735655472	0.141044976162158	-0.144999006059435	-0.135554631551107	0.0231338984851521	3.33333333333333
P04049	RAF1	0.204632073358389	NA	0.204632073358389	0.139063379299906	-0.173023329210029	-0.131201863288879	0.0691001956163807	6.33333333333333
P50750	CDK9	0.137198355696823	NA	0.137198355696823	0.134303940083929	-0.147158217098978	-0.141660491625468	0.00824658821026485	8.66666666666667
O15264	p38[delta]	0.0987070448939274	NA	0.0987070448939274	0.131943638176958	-0.149320792173181	-0.177952461382922	0.0515728307604746	18.8888888888889
P42345	mTOR/FRAP	0.168814755527453	NA	0.168814755527453	0.130768280269024	-0.151422573649694	-0.132373481988907	0.0471537621591916	5.88888888888889
O76039	CDKL5	0.0972134149019349	NA	0.0972134149019349	0.124944913328779	-0.0968363420830833	-0.121736546357473	0.0478021572727228	5.375
Q00537	PCTAIRE2	0.1249387366083	NA	0.1249387366083	0.1249387366083	-0.111286878585815	-0.111286878585815	NA	3
O14965	AurA/Aur2	0.121112195843933	NA	0.121112195843933	0.120330794367946	-0.121359829549436	-0.115818738937378	0.0166232718361749	5.11111111111111
Q13153	PAK1	0.114344650910759	NA	0.114344650910759	0.115771230367396	-0.11725926399231	-0.11725926399231	0	6
O14757	CHK1	0.10995629573386	NA	0.10995629573386	0.113509274827518	0.123858494670303	0.124258544709947	0.0145031620454882	8.88888888888889
Q96Q40	PFTAIRE2	0.0990582919329961	NA	0.0990582919329961	0.110138278741812	-0.0578367980068954	-0.114389453615461	0.0920145272961652	5.88888888888889
P50613	CDK7	0.115452855343603	NA	0.115452855343603	0.106793246940152	-0.143384572024544	-0.133352117104964	0.0187413486217956	11.5555555555556
Q15759	p38[beta]	0.111333616758778	NA	0.111333616758778	0.106536312444525	-0.103058466443209	-0.11158166701595	0.0715956564964189	7.33333333333333
O43293	DAPK3	0.0992247769697208	NA	0.0992247769697208	0.0990869322623309	-0.0998233810619072	-0.100015203158061	0.000575466288460627	3.11111111111111
P49137	MAPKAPK2	0.091006315142235	NA	0.091006315142235	0.0893755951107988	-0.173919453759355	-0.157682565542368	0.0233623822227008	30.3333333333333
Q13627	DYRK1A	0.084980076188995	NA	0.084980076188995	0.0856597423157806	0.0833481550216675	0.0833481550216675	0	3
P24941	CDK2	0.0724060017333375	NA	0.0724060017333375	0.0851281824599496	-0.12456599642504	-0.15176943074102	0.0687917459164129	19.5555555555556
Q16644	MAPKAPK3	0.120374131398324	NA	0.120374131398324	0.0788339493622613	-0.154426611245057	-0.184735006756253	0.0888675764712924	33.8888888888889
P45984	JNK2	0.0621355304978445	NA	0.0621355304978445	0.0757207139381184	-0.130546481443529	-0.151293995705518	0.0400572163464466	21.1111111111111
Q00532	CDKL1	0.0602674329387352	NA	0.0602674329387352	0.0646342244625226	-0.040167455540763	-0.065544996658961	0.0682935163509439	6.16666666666667
Q9UPZ9	ICK	0.0538371114592615	NA	0.0538371114592615	0.0644927341752872	0.0289644930097792	0.0608638127644857	0.0552512425420372	3.33333333333333
P27361	ERK1	0.0856321373147015	NA	0.0856321373147015	0.0535477349869269	-0.151155945186786	-0.128038867660191	0.0355773317585538	21.6666666666667
Q9UKE5	TNIK/ZC2	0.0482491557468028	NA	0.0482491557468028	0.0511051080955046	-0.0557713508605957	-0.0557713508605957	0	3
P53355	DAPK1	0.0481902483397286	NA	0.0481902483397286	0.0481902483397286	-0.0439300139745077	-0.0439300139745077	0	3
P41279	COT	0.0472959263856048	NA	0.0472959263856048	0.0457574905606751	-0.046315997838974	-0.046315997838974	0	4
Q8IWB6	SgK307	0.0418587334387747	NA	0.0418587334387747	0.0381045263321496	0.00419847435421414	-0.0214931964874268	0.0529796829303788	4.11111111111111
P48729	CK1[alpha]	0.0623789940952777	NA	0.0623789940952777	0.0305840876460186	-0.0284001145797048	-0.0437636733055115	0.101533454328016	10.2222222222222
Q13535	ATR	0.0267382906105497	NA	0.0267382906105497	0.0231916626619338	0.0327422581021748	0.0275995135307312	0.0154282337143308	7.88888888888889
P28482	ERK2	0.0524431458219426	NA	0.0524431458219426	0.0213630516155257	-0.109168070073163	-0.0956050868217762	0.047991557529557	20.2222222222222
Q16539	MAPK14	0.0154768969095394	NA	0.0154768969095394	0.0177287669604316	-0.0316845440938149	-0.0549325108528137	0.0410770702118141	13.8888888888889
P06493	CDC2/CDK1	0.0156459235161283	NA	0.0156459235161283	0.0141246426916063	0.0387126040023014	0.037557133606502	0.0275365833368478	16.2222222222222
P16066	ANP[alpha]	0.0131486068944575	NA	0.0131486068944575	0.0123337350737254	-0.0822258092439182	-0.0841155923329867	0.00654466898343061	24.1111111111111
Q00535	CDK5	0.0096647793458571	NA	0.0096647793458571	0.00966114521239857	0.0185337987813083	0.0185337987813083	0	11
P10398	ARAF	0.00145142728918551	NA	0.00145142728918551	0.00174066157630127	0.00204046567281087	0.00204046567281087	0	3
P15056	BRAF	0.0598477865998658	NA	0.0598477865998658	0.00174066157630127	-0.0438823240774649	0.00204046567281087	0.10259568633652	3.33333333333333
