BioNavigator Version	6.3.67.0	PamGrid Version	QuantitationType	Median_SigmBg	Protocol file name	Image Analysis_STKDate	Tue, 18 May 2021 21:06:43 GMT
	Barcode	710230321	710230321	710230321	710230321	710230321	710230321	710230321	710230321	710230321	710230321	710230321	710230321	710230321	710230321	710230321	710230321	710230321	710230321	710230321	710230321	710230322	710230322	710230322	710230322	710230322	710230322	710230322	710230322	710230322	710230322	710230322	710230322	710230322	710230322	710230322	710230322	710230322	710230322	710230322	710230322	710230323	710230323	710230323	710230323	710230323	710230323	710230323	710230323	710230323	710230323	710230323	710230323	710230323	710230323	710230323
	Exposure time	10.0	20.0	50.0	100.0	200.0	10.0	20.0	50.0	100.0	200.0	10.0	20.0	50.0	100.0	200.0	10.0	20.0	50.0	100.0	200.0	10.0	20.0	50.0	100.0	200.0	10.0	20.0	50.0	100.0	200.0	10.0	20.0	50.0	100.0	200.0	10.0	20.0	50.0	100.0	200.0	10.0	20.0	50.0	100.0	200.0	10.0	20.0	50.0	100.0	200.0	10.0	20.0	50.0	100.0	200.0
	Cycle	124	124	124	124	124	124	124	124	124	124	124	124	124	124	124	124	124	124	124	124	124	124	124	124	124	124	124	124	124	124	124	124	124	124	124	124	124	124	124	124	124	124	124	124	124	124	124	124	124	124	124	124	124	124	124
	Array	A1	A1	A1	A1	A1	A2	A2	A2	A2	A2	A3	A3	A3	A3	A3	A4	A4	A4	A4	A4	A1	A1	A1	A1	A1	A2	A2	A2	A2	A2	A3	A3	A3	A3	A3	A4	A4	A4	A4	A4	A1	A1	A1	A1	A1	A2	A2	A2	A2	A2	A3	A3	A3	A3	A3
	Sample name	CTL_869	CTL_869	CTL_869	CTL_869	CTL_869	SCZ_737	SCZ_737	SCZ_737	SCZ_737	SCZ_737	CTL_346	CTL_346	CTL_346	CTL_346	CTL_346	SCZ_929	SCZ_929	SCZ_929	SCZ_929	SCZ_929	CTL_676	CTL_676	CTL_676	CTL_676	CTL_676	SCZ_802	SCZ_802	SCZ_802	SCZ_802	SCZ_802	CTL_524	CTL_524	CTL_524	CTL_524	CTL_524	SCZ_931	SCZ_931	SCZ_931	SCZ_931	SCZ_931	CTL_46	CTL_46	CTL_46	CTL_46	CTL_46	SCZ_94	SCZ_94	SCZ_94	SCZ_94	SCZ_94	CTL_859	CTL_859	CTL_859	CTL_859	CTL_859
ID
#REF		62.0	127.0	324.0	640.0	1269.0	69.0	134.0	335.0	668.0	1325.0	67.0	131.0	328.0	659.0	1322.0	63.0	129.0	310.0	618.0	1233.0	65.0	133.0	324.0	639.0	1272.0	69.0	134.0	327.0	660.0	1303.0	66.0	131.0	326.0	654.0	1301.0	66.0	128.0	317.0	638.0	1272.0	62.0	124.0	309.0	610.0	1225.0	64.0	128.0	314.0	632.0	1255.0	65.0	129.0	320.0	636.0	1265.0
#REF		64.0	124.0	307.0	616.0	1223.0	66.0	133.0	330.0	657.0	1307.0	65.0	129.0	317.0	633.0	1278.0	59.0	116.0	296.0	596.0	1186.0	65.0	129.0	320.0	633.0	1267.0	63.0	128.0	319.0	640.0	1269.0	66.0	128.0	319.0	643.0	1275.0	63.0	125.0	310.0	619.0	1237.0	62.0	123.0	305.0	604.0	1216.0	61.0	121.0	307.0	610.0	1200.0	61.0	124.0	309.0	623.0	1223.0
#REF		64.0	129.0	319.0	633.0	1279.0	70.0	134.0	339.0	671.0	1333.0	68.0	136.0	334.0	667.0	1327.0	61.0	126.0	310.0	622.0	1243.0	67.0	129.0	326.0	658.0	1304.0	69.0	135.0	342.0	676.0	1334.0	66.0	135.0	330.0	660.0	1307.0	69.0	131.0	333.0	658.0	1315.0	63.0	127.0	315.0	638.0	1269.0	64.0	128.0	317.0	628.0	1258.0	61.0	124.0	307.0	610.0	1225.0
#REF		64.0	129.0	321.0	637.0	1260.0	70.0	137.0	353.0	691.0	1373.0	63.0	129.0	324.0	653.0	1297.0	64.0	123.0	308.0	608.0	1225.0	62.0	126.0	327.0	647.0	1296.0	63.0	131.0	326.0	654.0	1306.0	66.0	132.0	328.0	655.0	1312.0	64.0	131.0	326.0	648.0	1278.0	62.0	124.0	319.0	625.0	1256.0	61.0	129.0	314.0	619.0	1260.0	63.0	128.0	318.0	630.0	1253.0
#REF		84.0	167.0	415.0	833.0	1644.0	86.0	170.0	423.0	845.0	1678.0	83.0	165.0	406.0	810.0	1600.0	79.0	154.0	385.0	766.0	1530.0	84.0	157.0	402.0	793.0	1594.0	83.0	161.0	400.0	798.0	1578.0	87.0	170.0	420.0	837.0	1657.0	80.0	161.0	397.0	783.0	1574.0	80.0	156.0	389.0	779.0	1512.0	79.0	155.0	384.0	763.0	1520.0	78.0	154.0	391.0	776.0	1529.0
#REF		84.0	164.0	413.0	830.0	1655.0	84.0	165.0	420.0	822.0	1652.0	83.0	163.0	402.0	810.0	1596.0	78.0	155.0	378.0	760.0	1503.0	81.0	160.0	401.0	780.0	1579.0	83.0	163.0	404.0	809.0	1600.0	83.0	168.0	420.0	835.0	1651.0	78.0	160.0	387.0	789.0	1589.0	78.0	155.0	379.0	761.0	1482.0	82.0	160.0	391.0	784.0	1544.0	74.0	154.0	380.0	739.0	1483.0
#REF		84.0	165.0	410.0	815.0	1617.0	86.0	167.0	418.0	830.0	1633.0	80.0	160.0	396.0	804.0	1590.0	79.0	156.0	390.0	776.0	1531.0	79.0	159.0	391.0	774.0	1544.0	84.0	169.0	420.0	833.0	1638.0	83.0	167.0	413.0	831.0	1627.0	78.0	158.0	392.0	772.0	1532.0	81.0	163.0	399.0	798.0	1592.0	78.0	152.0	386.0	763.0	1505.0	78.0	160.0	390.0	769.0	1505.0
#REF		82.0	168.0	420.0	836.0	1662.0	88.0	178.0	440.0	873.0	1737.0	84.0	170.0	418.0	821.0	1647.0	80.0	163.0	395.0	797.0	1588.0	84.0	165.0	414.0	819.0	1638.0	90.0	176.0	433.0	859.0	1704.0	84.0	171.0	419.0	845.0	1642.0	86.0	169.0	417.0	844.0	1662.0	82.0	167.0	407.0	815.0	1623.0	81.0	160.0	401.0	788.0	1580.0	78.0	157.0	383.0	772.0	1538.0
pTY3H_64_78		425.0	833.0	2096.0	3774.0	3562.0	379.0	738.0	1839.0	3614.0	3609.0	658.0	1300.0	3163.0	3691.0	3397.0	630.0	1231.0	2992.0	3659.0	3334.0	233.0	466.0	1156.0	2272.0	3713.0	440.0	867.0	2132.0	3744.0	3500.0	642.0	1270.0	3114.0	3721.0	3457.0	628.0	1238.0	3010.0	3712.0	3432.0	649.0	1297.0	3185.0	3659.0	3352.0	603.0	1216.0	2978.0	3690.0	3379.0	606.0	1218.0	2968.0	3685.0	3394.0
ATF2_47_59		-2.0	-1.0	1.0	5.0	1.0	1.0	1.0	1.0	3.0	4.0	0.0	1.0	-3.0	-7.0	-18.0	0.0	-2.0	-1.0	3.0	-6.0	1.0	-1.0	-2.0	0.0	2.0	1.0	-1.0	1.0	3.0	1.0	-2.0	-2.0	-6.0	-6.0	-15.0	-2.0	-1.0	-2.0	-4.0	-7.0	0.0	0.0	-3.0	-10.0	-14.0	0.0	-3.0	-5.0	-6.0	-18.0	-1.0	-2.0	-3.0	-9.0	-13.0
CDN1A_139_151		59.0	116.0	300.0	589.0	1166.0	42.0	79.0	198.0	388.0	764.0	232.0	454.0	1144.0	2247.0	3711.0	188.0	380.0	947.0	1849.0	3631.0	3.0	6.0	17.0	32.0	63.0	87.0	173.0	435.0	845.0	1666.0	259.0	537.0	1310.0	2644.0	3695.0	181.0	360.0	883.0	1753.0	3429.0	173.0	333.0	842.0	1636.0	3211.0	226.0	453.0	1149.0	2266.0	3695.0	272.0	536.0	1316.0	2605.0	3656.0
FIBA_569_581		-1.0	2.0	3.0	8.0	13.0	2.0	1.0	4.0	6.0	12.0	-1.0	2.0	3.0	10.0	18.0	2.0	3.0	7.0	8.0	20.0	-1.0	0.0	4.0	5.0	10.0	0.0	0.0	1.0	4.0	13.0	0.0	0.0	2.0	7.0	13.0	-1.0	2.0	2.0	5.0	5.0	0.0	1.0	4.0	4.0	14.0	0.0	2.0	3.0	9.0	23.0	0.0	2.0	1.0	8.0	20.0
IKKB_173_185_C179A		2.0	1.0	1.0	1.0	5.0	0.0	1.0	1.0	3.0	3.0	2.0	1.0	1.0	2.0	4.0	1.0	1.0	0.0	3.0	2.0	0.0	-1.0	-1.0	1.0	-1.0	-1.0	0.0	0.0	1.0	3.0	-1.0	1.0	-2.0	1.0	1.0	-1.0	0.0	0.0	1.0	1.0	1.0	-2.0	0.0	0.0	2.0	-1.0	0.0	-1.0	4.0	3.0	0.0	2.0	2.0	1.0	1.0
LIPS_944_956		1.0	1.0	5.0	6.0	15.0	1.0	2.0	2.0	7.0	14.0	0.0	3.0	6.0	12.0	22.0	2.0	3.0	6.0	13.0	25.0	1.0	0.0	3.0	6.0	12.0	1.0	2.0	3.0	6.0	13.0	0.0	2.0	6.0	9.0	21.0	1.0	2.0	7.0	13.0	24.0	2.0	4.0	7.0	10.0	19.0	2.0	4.0	10.0	20.0	41.0	2.0	4.0	12.0	22.0	47.0
MYBB_513_525		0.0	0.0	1.0	1.0	3.0	0.0	2.0	0.0	1.0	2.0	0.0	1.0	1.0	2.0	4.0	-1.0	-1.0	1.0	0.0	3.0	0.0	0.0	0.0	2.0	4.0	-1.0	1.0	-2.0	1.0	1.0	1.0	-1.0	-1.0	-3.0	0.0	-2.0	0.0	0.0	2.0	-3.0	-1.0	-1.0	0.0	-2.0	-1.0	0.0	0.0	0.0	2.0	0.0	1.0	-1.0	-2.0	-2.0	1.0
PLEK_106_118		12.0	27.0	67.0	133.0	259.0	9.0	17.0	43.0	89.0	178.0	80.0	157.0	390.0	767.0	1530.0	50.0	100.0	257.0	497.0	1006.0	4.0	7.0	19.0	34.0	72.0	16.0	33.0	83.0	166.0	345.0	69.0	144.0	349.0	714.0	1399.0	30.0	61.0	157.0	309.0	609.0	34.0	68.0	166.0	331.0	654.0	55.0	109.0	272.0	543.0	1082.0	62.0	126.0	310.0	620.0	1229.0
RBL2_632_644		-1.0	-1.0	2.0	3.0	2.0	1.0	0.0	1.0	2.0	3.0	1.0	0.0	1.0	2.0	5.0	-1.0	1.0	0.0	0.0	1.0	1.0	-2.0	0.0	0.0	3.0	0.0	0.0	1.0	1.0	1.0	-1.0	1.0	0.0	0.0	-1.0	0.0	0.0	-1.0	-1.0	2.0	0.0	1.0	-1.0	1.0	0.0	2.0	-1.0	0.0	0.0	3.0	1.0	0.0	2.0	0.0	3.0
VIGLN_289_301		-1.0	0.0	0.0	2.0	7.0	0.0	1.0	1.0	4.0	6.0	0.0	-1.0	2.0	2.0	5.0	1.0	-1.0	3.0	1.0	4.0	1.0	1.0	1.0	1.0	3.0	-2.0	1.0	2.0	-1.0	1.0	0.0	0.0	1.0	1.0	1.0	1.0	-2.0	-1.0	0.0	5.0	2.0	2.0	1.0	1.0	3.0	1.0	1.0	1.0	5.0	7.0	1.0	-1.0	3.0	1.0	4.0
GRIK2_708_720		1.0	2.0	3.0	8.0	17.0	0.0	1.0	7.0	10.0	16.0	3.0	4.0	8.0	17.0	34.0	2.0	4.0	10.0	17.0	34.0	-1.0	1.0	3.0	5.0	11.0	0.0	3.0	5.0	8.0	22.0	2.0	4.0	8.0	16.0	32.0	10.0	21.0	50.0	101.0	199.0	2.0	2.0	7.0	11.0	26.0	1.0	4.0	7.0	15.0	31.0	3.0	4.0	8.0	16.0	32.0
RADI_559_569		0.0	0.0	2.0	5.0	7.0	3.0	1.0	3.0	3.0	6.0	1.0	0.0	3.0	4.0	8.0	0.0	0.0	3.0	4.0	11.0	1.0	1.0	3.0	5.0	8.0	0.0	3.0	0.0	4.0	7.0	1.0	2.0	1.0	4.0	6.0	0.0	1.0	1.0	4.0	8.0	1.0	0.0	0.0	3.0	6.0	1.0	0.0	3.0	3.0	10.0	-1.0	0.0	1.0	4.0	10.0
ACM1_421_433		0.0	0.0	3.0	8.0	24.0	0.0	2.0	6.0	16.0	34.0	1.0	2.0	11.0	27.0	47.0	1.0	2.0	17.0	32.0	68.0	2.0	4.0	8.0	16.0	29.0	2.0	1.0	10.0	23.0	44.0	3.0	2.0	8.0	27.0	58.0	1.0	4.0	12.0	29.0	60.0	-1.0	5.0	15.0	28.0	35.0	1.0	1.0	7.0	20.0	50.0	0.0	2.0	9.0	19.0	57.0
ATM_1972_1984		0.0	0.0	0.0	2.0	2.0	0.0	1.0	1.0	5.0	8.0	0.0	-1.0	-3.0	0.0	0.0	-1.0	-1.0	-1.0	-1.0	1.0	1.0	1.0	0.0	2.0	5.0	-1.0	-1.0	-1.0	0.0	-2.0	-1.0	-1.0	-2.0	-4.0	-7.0	0.0	-1.0	-4.0	-5.0	-3.0	0.0	-1.0	0.0	-2.0	-1.0	-1.0	-1.0	-2.0	-4.0	-6.0	-2.0	-2.0	-3.0	-8.0	-11.0
CDN1B_151_163		-1.0	-1.0	-2.0	-2.0	-1.0	0.0	1.0	1.0	1.0	3.0	-1.0	0.0	-2.0	4.0	0.0	0.0	1.0	0.0	-2.0	3.0	1.0	-1.0	0.0	-1.0	0.0	-1.0	0.0	-1.0	2.0	0.0	0.0	-1.0	-3.0	-5.0	0.0	1.0	-1.0	-2.0	-3.0	-6.0	-2.0	-1.0	0.0	-1.0	-1.0	0.0	0.0	-1.0	-3.0	-3.0	-1.0	0.0	-4.0	0.0	5.0
FOXO3_25_37		7.0	14.0	36.0	68.0	139.0	8.0	15.0	37.0	76.0	150.0	14.0	25.0	61.0	127.0	251.0	11.0	21.0	54.0	113.0	223.0	7.0	16.0	37.0	78.0	159.0	8.0	19.0	45.0	97.0	187.0	11.0	23.0	55.0	118.0	236.0	9.0	19.0	49.0	96.0	193.0	10.0	19.0	50.0	103.0	210.0	10.0	21.0	56.0	117.0	227.0	9.0	21.0	53.0	109.0	216.0
IKKB_686_698		0.0	-2.0	0.0	4.0	3.0	1.0	0.0	1.0	0.0	2.0	1.0	0.0	-1.0	0.0	0.0	0.0	0.0	0.0	3.0	0.0	0.0	0.0	-1.0	2.0	1.0	1.0	0.0	1.0	-1.0	-1.0	1.0	0.0	0.0	-1.0	0.0	0.0	1.0	-3.0	-1.0	0.0	-1.0	0.0	0.0	1.0	-3.0	-2.0	-1.0	0.0	0.0	1.0	0.0	1.0	3.0	2.0	1.0
LMNA_192_204		2.0	1.0	0.0	2.0	4.0	0.0	0.0	3.0	2.0	3.0	0.0	1.0	1.0	1.0	3.0	0.0	-1.0	-2.0	2.0	4.0	1.0	0.0	0.0	0.0	0.0	-1.0	2.0	1.0	1.0	2.0	-1.0	-1.0	-1.0	0.0	-1.0	-1.0	0.0	0.0	0.0	0.0	1.0	0.0	0.0	1.0	1.0	0.0	-1.0	1.0	1.0	3.0	0.0	0.0	1.0	1.0	4.0
MYC_51_63		-1.0	0.0	0.0	4.0	6.0	0.0	1.0	1.0	1.0	3.0	0.0	1.0	1.0	2.0	2.0	1.0	2.0	1.0	0.0	3.0	1.0	0.0	0.0	1.0	3.0	0.0	0.0	1.0	0.0	2.0	-2.0	0.0	-1.0	-2.0	-1.0	0.0	0.0	0.0	-1.0	-1.0	0.0	1.0	1.0	2.0	0.0	0.0	0.0	0.0	1.0	4.0	-1.0	0.0	1.0	1.0	3.0
PP2AB_297_309		1.0	0.0	2.0	6.0	10.0	0.0	1.0	2.0	6.0	10.0	0.0	1.0	4.0	7.0	13.0	1.0	-1.0	1.0	7.0	12.0	1.0	2.0	3.0	7.0	12.0	0.0	2.0	2.0	6.0	7.0	0.0	3.0	3.0	7.0	15.0	0.0	1.0	2.0	6.0	8.0	0.0	0.0	3.0	6.0	10.0	1.0	0.0	5.0	10.0	15.0	0.0	0.0	0.0	0.0	8.0
RBL2_655_667		3.0	3.0	11.0	20.0	43.0	3.0	5.0	12.0	22.0	47.0	2.0	7.0	17.0	34.0	75.0	4.0	7.0	17.0	34.0	71.0	2.0	4.0	10.0	20.0	42.0	2.0	6.0	15.0	31.0	60.0	3.0	7.0	17.0	35.0	73.0	2.0	5.0	11.0	22.0	51.0	3.0	7.0	15.0	29.0	58.0	2.0	3.0	11.0	25.0	57.0	3.0	5.0	13.0	25.0	49.0
YAP1_121_133		1.0	0.0	2.0	4.0	7.0	0.0	1.0	2.0	4.0	12.0	1.0	1.0	1.0	5.0	11.0	0.0	2.0	4.0	5.0	11.0	1.0	0.0	1.0	2.0	5.0	2.0	1.0	2.0	2.0	6.0	-1.0	0.0	1.0	7.0	6.0	-1.0	0.0	1.0	3.0	6.0	0.0	1.0	1.0	5.0	10.0	1.0	2.0	4.0	6.0	11.0	3.0	2.0	2.0	5.0	7.0
KAP2_92_104		3.0	8.0	14.0	29.0	51.0	5.0	7.0	15.0	30.0	63.0	5.0	9.0	21.0	45.0	92.0	7.0	11.0	26.0	57.0	113.0	4.0	4.0	13.0	24.0	49.0	4.0	10.0	23.0	42.0	85.0	5.0	13.0	33.0	70.0	135.0	4.0	10.0	24.0	48.0	96.0	4.0	7.0	20.0	41.0	78.0	6.0	11.0	29.0	57.0	119.0	6.0	13.0	30.0	64.0	123.0
RS6_228_240		0.0	1.0	5.0	10.0	19.0	1.0	2.0	5.0	9.0	20.0	1.0	4.0	8.0	17.0	36.0	2.0	4.0	10.0	20.0	41.0	2.0	1.0	3.0	7.0	14.0	0.0	3.0	4.0	12.0	23.0	2.0	5.0	10.0	19.0	34.0	6.0	10.0	27.0	55.0	109.0	1.0	2.0	7.0	12.0	25.0	3.0	5.0	10.0	22.0	43.0	2.0	5.0	10.0	20.0	39.0
ACM1_444_456		1.0	1.0	5.0	9.0	16.0	2.0	2.0	8.0	13.0	28.0	3.0	3.0	7.0	14.0	30.0	1.0	5.0	9.0	18.0	37.0	1.0	3.0	7.0	12.0	22.0	3.0	1.0	6.0	16.0	28.0	1.0	5.0	8.0	14.0	26.0	1.0	2.0	6.0	12.0	22.0	0.0	4.0	6.0	16.0	28.0	2.0	3.0	12.0	18.0	40.0	3.0	3.0	8.0	16.0	31.0
BAD_112_124		26.0	51.0	123.0	252.0	511.0	2.0	4.0	11.0	22.0	51.0	4.0	6.0	19.0	37.0	77.0	4.0	8.0	16.0	32.0	65.0	1.0	3.0	8.0	13.0	30.0	19.0	40.0	102.0	203.0	409.0	3.0	7.0	17.0	32.0	66.0	2.0	6.0	14.0	29.0	57.0	3.0	6.0	13.0	30.0	66.0	3.0	5.0	18.0	39.0	76.0	4.0	8.0	18.0	36.0	77.0
CENPA_1_14		6.0	11.0	24.0	50.0	106.0	3.0	5.0	17.0	33.0	72.0	9.0	16.0	44.0	86.0	178.0	9.0	14.0	35.0	73.0	143.0	7.0	10.0	22.0	44.0	89.0	5.0	12.0	33.0	65.0	127.0	8.0	18.0	45.0	89.0	185.0	6.0	12.0	27.0	55.0	112.0	7.0	14.0	33.0	69.0	136.0	8.0	16.0	40.0	85.0	172.0	11.0	19.0	50.0	102.0	196.0
FRAP_2443_2455		2.0	2.0	0.0	4.0	9.0	0.0	1.0	4.0	7.0	14.0	-1.0	2.0	5.0	9.0	20.0	0.0	2.0	4.0	7.0	18.0	-1.0	1.0	2.0	4.0	6.0	2.0	2.0	2.0	6.0	12.0	0.0	2.0	4.0	9.0	14.0	1.0	2.0	3.0	5.0	10.0	1.0	1.0	3.0	7.0	15.0	0.0	1.0	4.0	10.0	20.0	1.0	3.0	4.0	11.0	22.0
K6PL_766_778		1.0	0.0	1.0	4.0	8.0	0.0	2.0	3.0	4.0	10.0	0.0	0.0	4.0	5.0	12.0	0.0	2.0	2.0	5.0	9.0	1.0	1.0	2.0	5.0	7.0	0.0	-1.0	2.0	3.0	8.0	-1.0	2.0	1.0	5.0	8.0	1.0	1.0	3.0	6.0	12.0	1.0	2.0	1.0	6.0	6.0	0.0	1.0	3.0	4.0	10.0	-1.0	2.0	2.0	7.0	12.0
LMNB1_16_28		-1.0	0.0	2.0	2.0	2.0	0.0	1.0	3.0	2.0	5.0	1.0	0.0	3.0	1.0	3.0	1.0	1.0	1.0	3.0	5.0	0.0	0.0	1.0	0.0	1.0	2.0	1.0	-1.0	1.0	-1.0	0.0	1.0	1.0	0.0	1.0	1.0	0.0	0.0	1.0	4.0	1.0	1.0	1.0	1.0	3.0	1.0	0.0	1.0	2.0	6.0	1.0	1.0	3.0	4.0	3.0
NEK2_172_184		1.0	2.0	8.0	13.0	25.0	0.0	4.0	9.0	14.0	27.0	3.0	4.0	10.0	17.0	48.0	1.0	4.0	10.0	20.0	39.0	1.0	2.0	7.0	12.0	25.0	3.0	4.0	8.0	19.0	37.0	2.0	4.0	9.0	21.0	42.0	1.0	4.0	9.0	17.0	35.0	2.0	3.0	9.0	19.0	40.0	2.0	4.0	7.0	16.0	34.0	0.0	3.0	7.0	14.0	32.0
PPR1A_28_40		14.0	30.0	73.0	147.0	293.0	14.0	30.0	80.0	153.0	314.0	35.0	63.0	161.0	319.0	636.0	30.0	58.0	141.0	283.0	555.0	19.0	36.0	94.0	182.0	367.0	25.0	49.0	119.0	241.0	481.0	12.0	18.0	48.0	99.0	200.0	21.0	45.0	110.0	224.0	446.0	25.0	49.0	125.0	248.0	489.0	26.0	58.0	139.0	280.0	556.0	25.0	48.0	118.0	238.0	471.0
RBL2_959_971		0.0	0.0	0.0	1.0	4.0	0.0	0.0	2.0	1.0	2.0	0.0	0.0	1.0	2.0	3.0	-1.0	0.0	-1.0	1.0	2.0	1.0	1.0	0.0	5.0	4.0	-1.0	0.0	0.0	1.0	2.0	1.0	1.0	1.0	1.0	1.0	-1.0	0.0	2.0	2.0	1.0	-1.0	-1.0	0.0	1.0	-2.0	2.0	-1.0	2.0	3.0	4.0	0.0	1.0	-1.0	-1.0	1.0
ADRB2_338_350		2.0	3.0	4.0	10.0	20.0	1.0	2.0	7.0	9.0	18.0	3.0	4.0	9.0	20.0	40.0	1.0	6.0	11.0	23.0	45.0	0.0	2.0	5.0	9.0	16.0	1.0	2.0	8.0	12.0	28.0	2.0	5.0	14.0	25.0	52.0	4.0	3.0	10.0	25.0	49.0	0.0	4.0	7.0	17.0	32.0	1.0	5.0	9.0	18.0	32.0	1.0	5.0	9.0	21.0	41.0
KCC2G_278_289		10.0	20.0	55.0	108.0	212.0	10.0	16.0	45.0	84.0	171.0	13.0	24.0	56.0	118.0	228.0	12.0	21.0	52.0	106.0	208.0	10.0	18.0	42.0	85.0	173.0	13.0	22.0	60.0	122.0	236.0	14.0	33.0	78.0	156.0	304.0	11.0	21.0	57.0	119.0	243.0	10.0	23.0	55.0	112.0	213.0	13.0	28.0	67.0	131.0	263.0	14.0	30.0	75.0	151.0	301.0
RYR1_4317_4329		2.0	6.0	15.0	26.0	56.0	4.0	8.0	17.0	30.0	67.0	6.0	15.0	38.0	77.0	155.0	8.0	13.0	31.0	65.0	130.0	4.0	3.0	9.0	21.0	43.0	2.0	5.0	16.0	30.0	68.0	10.0	17.0	47.0	95.0	189.0	7.0	15.0	39.0	80.0	159.0	4.0	10.0	23.0	48.0	101.0	6.0	13.0	34.0	65.0	128.0	7.0	15.0	39.0	77.0	152.0
ACM4_456_468		2.0	3.0	9.0	15.0	28.0	1.0	2.0	7.0	16.0	29.0	2.0	5.0	14.0	24.0	52.0	2.0	5.0	14.0	23.0	51.0	2.0	4.0	8.0	16.0	30.0	0.0	1.0	3.0	8.0	15.0	2.0	4.0	14.0	28.0	55.0	1.0	4.0	12.0	23.0	42.0	1.0	6.0	15.0	27.0	56.0	2.0	4.0	11.0	25.0	46.0	3.0	5.0	11.0	23.0	41.0
BAD_69_81		-1.0	1.0	3.0	5.0	8.0	1.0	0.0	6.0	7.0	14.0	1.0	2.0	6.0	9.0	21.0	2.0	2.0	4.0	8.0	19.0	0.0	2.0	3.0	6.0	12.0	0.0	-1.0	3.0	5.0	9.0	1.0	2.0	5.0	7.0	13.0	1.0	2.0	3.0	5.0	13.0	1.0	2.0	5.0	9.0	18.0	0.0	0.0	3.0	9.0	16.0	0.0	2.0	5.0	9.0	16.0
COF1_17_29		0.0	0.0	0.0	0.0	3.0	1.0	0.0	0.0	2.0	8.0	-1.0	-1.0	0.0	2.0	5.0	2.0	1.0	0.0	2.0	4.0	0.0	0.0	1.0	1.0	1.0	1.0	2.0	-2.0	0.0	0.0	1.0	0.0	-2.0	0.0	2.0	0.0	1.0	1.0	3.0	2.0	1.0	0.0	1.0	0.0	4.0	0.0	-1.0	0.0	4.0	2.0	3.0	1.0	0.0	1.0	0.0
FRAP_2475_2487		0.0	0.0	2.0	3.0	1.0	2.0	-1.0	1.0	4.0	4.0	2.0	0.0	-1.0	4.0	3.0	0.0	1.0	1.0	0.0	5.0	-1.0	0.0	-1.0	0.0	0.0	1.0	0.0	-1.0	1.0	2.0	1.0	0.0	-1.0	1.0	1.0	0.0	0.0	2.0	1.0	4.0	1.0	0.0	1.0	2.0	1.0	0.0	1.0	0.0	0.0	3.0	0.0	0.0	1.0	2.0	2.0
KAPCG_192_206		0.0	1.0	5.0	9.0	18.0	1.0	3.0	6.0	9.0	19.0	2.0	2.0	6.0	14.0	32.0	1.0	2.0	5.0	14.0	30.0	1.0	1.0	4.0	10.0	15.0	1.0	3.0	4.0	9.0	18.0	2.0	3.0	7.0	12.0	21.0	1.0	1.0	5.0	10.0	17.0	1.0	2.0	8.0	13.0	27.0	1.0	3.0	6.0	7.0	18.0	1.0	1.0	7.0	12.0	21.0
MARCS_152_164		1.0	3.0	7.0	13.0	29.0	2.0	4.0	9.0	18.0	35.0	2.0	4.0	10.0	19.0	44.0	3.0	5.0	11.0	22.0	43.0	1.0	4.0	9.0	19.0	49.0	3.0	5.0	13.0	21.0	47.0	2.0	4.0	10.0	21.0	46.0	1.0	2.0	5.0	12.0	22.0	2.0	6.0	10.0	19.0	41.0	4.0	5.0	13.0	25.0	54.0	3.0	7.0	12.0	24.0	53.0
NEK3_158_170		2.0	0.0	6.0	7.0	22.0	2.0	0.0	4.0	9.0	18.0	2.0	1.0	4.0	12.0	25.0	0.0	3.0	7.0	13.0	26.0	0.0	-1.0	3.0	6.0	11.0	0.0	2.0	5.0	10.0	19.0	1.0	2.0	5.0	9.0	19.0	1.0	0.0	2.0	8.0	11.0	1.0	1.0	5.0	11.0	19.0	1.0	2.0	4.0	8.0	16.0	1.0	2.0	5.0	5.0	15.0
PRKDC_2618_2630		1.0	4.0	5.0	14.0	27.0	-1.0	3.0	6.0	15.0	32.0	2.0	5.0	9.0	21.0	43.0	3.0	4.0	10.0	21.0	46.0	1.0	2.0	6.0	11.0	24.0	1.0	4.0	7.0	15.0	32.0	4.0	2.0	9.0	18.0	35.0	2.0	3.0	7.0	14.0	29.0	0.0	2.0	9.0	17.0	38.0	3.0	3.0	10.0	15.0	38.0	3.0	4.0	10.0	20.0	43.0
REL_260_272		0.0	1.0	3.0	5.0	8.0	-1.0	2.0	1.0	4.0	5.0	1.0	2.0	3.0	7.0	10.0	1.0	1.0	3.0	5.0	8.0	1.0	1.0	2.0	2.0	4.0	-1.0	0.0	2.0	3.0	5.0	1.0	0.0	3.0	5.0	8.0	2.0	0.0	3.0	7.0	12.0	-1.0	0.0	1.0	4.0	8.0	1.0	1.0	2.0	5.0	8.0	1.0	2.0	2.0	4.0	11.0
ART_025_CXGLRRWSLGGLRRWSL		0.0	2.0	5.0	10.0	23.0	3.0	2.0	7.0	10.0	22.0	2.0	3.0	7.0	18.0	40.0	3.0	5.0	11.0	18.0	40.0	0.0	1.0	4.0	10.0	19.0	2.0	2.0	9.0	14.0	28.0	1.0	4.0	11.0	22.0	48.0	3.0	5.0	11.0	26.0	54.0	1.0	3.0	8.0	16.0	33.0	2.0	2.0	8.0	15.0	37.0	3.0	5.0	10.0	21.0	41.0
KCNA1_438_450		0.0	-1.0	-1.0	0.0	2.0	2.0	1.0	3.0	6.0	8.0	0.0	0.0	1.0	0.0	0.0	1.0	0.0	1.0	2.0	6.0	0.0	0.0	2.0	1.0	2.0	1.0	1.0	1.0	2.0	0.0	0.0	2.0	2.0	2.0	4.0	0.0	0.0	0.0	0.0	1.0	-1.0	1.0	2.0	1.0	4.0	2.0	3.0	5.0	11.0	20.0	-1.0	0.0	0.0	1.0	3.0
SCN7A_898_910		0.0	1.0	2.0	5.0	8.0	-1.0	2.0	5.0	3.0	7.0	0.0	-1.0	3.0	5.0	11.0	2.0	2.0	4.0	5.0	13.0	0.0	0.0	1.0	2.0	7.0	-2.0	0.0	2.0	4.0	9.0	0.0	1.0	3.0	4.0	9.0	1.0	2.0	3.0	8.0	17.0	0.0	1.0	2.0	3.0	7.0	0.0	1.0	3.0	7.0	16.0	0.0	2.0	5.0	9.0	13.0
ACM5_494_506		6.0	13.0	34.0	75.0	146.0	7.0	16.0	40.0	78.0	157.0	14.0	26.0	67.0	135.0	278.0	12.0	32.0	73.0	149.0	293.0	9.0	15.0	42.0	79.0	162.0	3.0	9.0	19.0	43.0	89.0	16.0	35.0	88.0	174.0	349.0	12.0	25.0	59.0	123.0	244.0	14.0	28.0	72.0	141.0	284.0	13.0	25.0	65.0	128.0	250.0	12.0	28.0	61.0	125.0	257.0
BAD_93_105		7.0	10.0	32.0	67.0	134.0	9.0	14.0	41.0	79.0	165.0	11.0	25.0	62.0	127.0	248.0	12.0	19.0	59.0	121.0	234.0	8.0	19.0	47.0	94.0	182.0	2.0	5.0	14.0	29.0	62.0	15.0	29.0	78.0	160.0	310.0	11.0	21.0	60.0	118.0	236.0	13.0	26.0	64.0	130.0	260.0	11.0	23.0	58.0	119.0	233.0	12.0	23.0	58.0	113.0	234.0
CSF1R_701_713		-1.0	2.0	4.0	8.0	14.0	1.0	3.0	5.0	10.0	17.0	2.0	2.0	7.0	15.0	29.0	0.0	2.0	5.0	11.0	23.0	-1.0	0.0	3.0	8.0	18.0	1.0	1.0	4.0	10.0	16.0	1.0	3.0	7.0	10.0	27.0	2.0	3.0	8.0	17.0	38.0	2.0	4.0	5.0	12.0	23.0	-1.0	3.0	7.0	10.0	20.0	1.0	2.0	7.0	12.0	27.0
GPR6_349_361		1.0	2.0	2.0	7.0	15.0	1.0	2.0	5.0	11.0	23.0	3.0	0.0	6.0	13.0	28.0	-1.0	2.0	5.0	13.0	25.0	0.0	1.0	5.0	10.0	20.0	1.0	2.0	5.0	11.0	20.0	1.0	4.0	5.0	11.0	23.0	1.0	1.0	6.0	10.0	19.0	2.0	1.0	4.0	12.0	24.0	1.0	1.0	6.0	10.0	23.0	0.0	3.0	6.0	15.0	32.0
KCNA2_442_454		0.0	0.0	1.0	6.0	5.0	-1.0	1.0	1.0	4.0	7.0	2.0	1.0	4.0	4.0	11.0	1.0	1.0	1.0	3.0	9.0	1.0	1.0	2.0	4.0	8.0	-1.0	1.0	2.0	4.0	8.0	1.0	2.0	2.0	4.0	5.0	1.0	0.0	3.0	2.0	6.0	1.0	0.0	3.0	5.0	7.0	1.0	0.0	1.0	5.0	7.0	1.0	2.0	3.0	2.0	9.0
MARCS_160_172		1.0	1.0	6.0	12.0	22.0	2.0	3.0	7.0	18.0	30.0	1.0	4.0	10.0	22.0	43.0	2.0	3.0	10.0	18.0	38.0	0.0	4.0	5.0	15.0	33.0	2.0	3.0	9.0	18.0	40.0	2.0	5.0	10.0	19.0	46.0	1.0	1.0	4.0	9.0	19.0	2.0	3.0	8.0	15.0	32.0	2.0	3.0	7.0	16.0	38.0	2.0	4.0	8.0	15.0	40.0
NMDZ1_890_902		3.0	4.0	13.0	26.0	55.0	2.0	4.0	12.0	22.0	49.0	6.0	13.0	36.0	71.0	146.0	6.0	12.0	28.0	59.0	124.0	3.0	5.0	11.0	25.0	52.0	5.0	8.0	21.0	39.0	85.0	6.0	16.0	37.0	74.0	148.0	16.0	34.0	84.0	175.0	353.0	3.0	9.0	20.0	42.0	83.0	6.0	12.0	29.0	65.0	132.0	9.0	14.0	39.0	80.0	159.0
PTK6_436_448		0.0	3.0	1.0	3.0	9.0	1.0	2.0	4.0	4.0	10.0	2.0	1.0	3.0	5.0	15.0	1.0	2.0	3.0	6.0	11.0	0.0	1.0	3.0	4.0	8.0	0.0	1.0	2.0	4.0	10.0	2.0	2.0	3.0	6.0	12.0	1.0	2.0	6.0	13.0	27.0	-1.0	0.0	3.0	6.0	10.0	1.0	0.0	3.0	3.0	9.0	0.0	1.0	2.0	7.0	13.0
SRC_413_425		-1.0	-2.0	0.0	1.0	-1.0	-1.0	0.0	0.0	0.0	0.0	0.0	-1.0	0.0	0.0	-2.0	-2.0	2.0	0.0	-2.0	-2.0	1.0	0.0	-1.0	1.0	1.0	1.0	0.0	1.0	0.0	-2.0	0.0	-1.0	-2.0	-1.0	-4.0	1.0	-1.0	-2.0	-2.0	-4.0	0.0	-1.0	0.0	-1.0	-2.0	-1.0	0.0	-1.0	-1.0	0.0	0.0	0.0	-1.0	-1.0	-1.0
CAC1C_1974_1986		1.0	3.0	5.0	11.0	25.0	1.0	4.0	6.0	14.0	26.0	1.0	3.0	9.0	21.0	39.0	1.0	2.0	9.0	20.0	41.0	2.0	3.0	7.0	15.0	32.0	3.0	3.0	9.0	17.0	39.0	3.0	5.0	14.0	30.0	57.0	3.0	9.0	17.0	39.0	81.0	2.0	3.0	9.0	21.0	42.0	2.0	2.0	8.0	18.0	41.0	3.0	5.0	12.0	24.0	51.0
KPB1_1011_1023		-1.0	0.0	0.0	2.0	4.0	1.0	0.0	0.0	1.0	4.0	-1.0	0.0	-1.0	-1.0	2.0	0.0	1.0	0.0	2.0	5.0	0.0	1.0	-1.0	1.0	1.0	1.0	2.0	0.0	2.0	4.0	0.0	1.0	0.0	-1.0	-1.0	1.0	1.0	3.0	8.0	14.0	1.0	0.0	0.0	2.0	2.0	0.0	-1.0	2.0	0.0	0.0	0.0	0.0	0.0	1.0	2.0
SRC8_CHICK_423_435		1.0	0.0	1.0	2.0	2.0	0.0	1.0	2.0	2.0	4.0	0.0	0.0	0.0	0.0	2.0	1.0	-1.0	0.0	2.0	1.0	0.0	0.0	0.0	1.0	1.0	-1.0	-1.0	2.0	-1.0	3.0	-2.0	0.0	0.0	1.0	2.0	0.0	0.0	2.0	1.0	3.0	0.0	0.0	2.0	2.0	6.0	0.0	-2.0	0.0	0.0	-2.0	1.0	0.0	1.0	1.0	2.0
ACM5_498_510		3.0	7.0	22.0	46.0	92.0	4.0	8.0	23.0	51.0	101.0	6.0	17.0	40.0	80.0	161.0	5.0	15.0	37.0	76.0	152.0	5.0	10.0	26.0	49.0	98.0	1.0	4.0	10.0	17.0	34.0	7.0	17.0	45.0	94.0	187.0	5.0	13.0	36.0	73.0	145.0	5.0	16.0	42.0	85.0	164.0	7.0	16.0	37.0	79.0	160.0	5.0	17.0	39.0	77.0	156.0
BCKD_45_57		-1.0	2.0	4.0	6.0	10.0	0.0	1.0	4.0	5.0	12.0	1.0	5.0	8.0	15.0	40.0	1.0	3.0	6.0	11.0	27.0	1.0	1.0	3.0	4.0	7.0	2.0	0.0	1.0	6.0	13.0	1.0	3.0	8.0	16.0	32.0	3.0	2.0	5.0	9.0	16.0	0.0	1.0	3.0	8.0	21.0	0.0	2.0	8.0	13.0	22.0	1.0	3.0	9.0	17.0	35.0
CSK21_355_367		-1.0	-2.0	0.0	2.0	1.0	2.0	0.0	0.0	2.0	1.0	0.0	-1.0	0.0	2.0	0.0	-1.0	-1.0	2.0	0.0	0.0	0.0	0.0	0.0	-1.0	1.0	-1.0	-1.0	-1.0	-1.0	-3.0	-2.0	0.0	1.0	-1.0	0.0	1.0	-1.0	-2.0	0.0	0.0	0.0	0.0	1.0	3.0	0.0	0.0	0.0	1.0	0.0	0.0	-1.0	1.0	0.0	2.0	1.0
GPSM2_394_406		0.0	1.0	0.0	4.0	5.0	0.0	1.0	2.0	4.0	8.0	1.0	-1.0	1.0	3.0	6.0	0.0	1.0	1.0	4.0	4.0	0.0	1.0	2.0	2.0	6.0	0.0	1.0	1.0	1.0	3.0	1.0	2.0	3.0	2.0	7.0	0.0	1.0	2.0	3.0	10.0	0.0	0.0	2.0	2.0	5.0	0.0	0.0	2.0	2.0	6.0	1.0	0.0	0.0	3.0	4.0
KCNA3_461_473		0.0	1.0	1.0	3.0	5.0	1.0	0.0	3.0	0.0	5.0	-1.0	1.0	2.0	3.0	6.0	1.0	1.0	3.0	6.0	13.0	2.0	0.0	1.0	1.0	3.0	0.0	1.0	2.0	6.0	6.0	1.0	1.0	0.0	0.0	3.0	-2.0	-1.0	1.0	2.0	4.0	0.0	0.0	2.0	2.0	8.0	2.0	-1.0	0.0	2.0	4.0	0.0	0.0	2.0	2.0	3.0
MBP_222_234		1.0	5.0	10.0	16.0	37.0	4.0	4.0	10.0	23.0	43.0	3.0	5.0	17.0	30.0	66.0	4.0	6.0	14.0	28.0	59.0	2.0	3.0	10.0	21.0	47.0	2.0	4.0	13.0	28.0	62.0	2.0	5.0	15.0	30.0	60.0	1.0	6.0	9.0	21.0	45.0	2.0	5.0	11.0	26.0	57.0	2.0	5.0	11.0	26.0	54.0	3.0	5.0	10.0	21.0	49.0
NOS3_1171_1183		7.0	15.0	33.0	69.0	138.0	6.0	14.0	37.0	75.0	154.0	12.0	22.0	58.0	118.0	232.0	12.0	25.0	64.0	123.0	249.0	10.0	19.0	47.0	96.0	193.0	10.0	20.0	57.0	114.0	228.0	14.0	26.0	68.0	142.0	280.0	8.0	19.0	47.0	95.0	192.0	11.0	23.0	60.0	119.0	238.0	9.0	18.0	45.0	93.0	182.0	9.0	18.0	43.0	89.0	178.0
RAB1A_187_199		0.0	2.0	2.0	2.0	4.0	1.0	2.0	1.0	3.0	6.0	-1.0	-2.0	2.0	3.0	6.0	1.0	0.0	0.0	2.0	5.0	0.0	1.0	2.0	4.0	7.0	0.0	2.0	1.0	2.0	4.0	2.0	0.0	2.0	0.0	3.0	1.0	1.0	3.0	1.0	6.0	0.0	2.0	2.0	1.0	2.0	2.0	0.0	2.0	0.0	3.0	-1.0	1.0	1.0	1.0	4.0
STK6_283_295		13.0	25.0	63.0	128.0	258.0	10.0	22.0	58.0	114.0	218.0	41.0	81.0	203.0	404.0	788.0	33.0	67.0	170.0	341.0	673.0	9.0	18.0	45.0	93.0	187.0	17.0	33.0	83.0	165.0	333.0	42.0	83.0	208.0	415.0	828.0	26.0	49.0	120.0	244.0	481.0	25.0	50.0	125.0	250.0	505.0	33.0	62.0	161.0	321.0	629.0	36.0	72.0	179.0	363.0	723.0
CFTR_730_742		-1.0	-1.0	0.0	2.0	5.0	0.0	2.0	0.0	2.0	4.0	0.0	-1.0	1.0	-1.0	1.0	1.0	1.0	-1.0	0.0	-1.0	1.0	0.0	0.0	-1.0	1.0	0.0	-1.0	2.0	0.0	2.0	-1.0	-1.0	-1.0	-2.0	1.0	0.0	2.0	2.0	8.0	14.0	0.0	0.0	-2.0	2.0	2.0	-1.0	2.0	1.0	2.0	5.0	0.0	0.0	0.0	-1.0	0.0
MYPC3_268_280		0.0	2.0	3.0	8.0	14.0	0.0	1.0	4.0	7.0	14.0	2.0	3.0	7.0	12.0	24.0	1.0	2.0	6.0	9.0	20.0	0.0	-1.0	1.0	7.0	10.0	1.0	1.0	3.0	6.0	15.0	0.0	2.0	6.0	10.0	22.0	4.0	7.0	17.0	39.0	75.0	1.0	2.0	6.0	10.0	21.0	0.0	1.0	4.0	8.0	13.0	2.0	2.0	4.0	6.0	18.0
VASP_271_283		4.0	8.0	20.0	42.0	85.0	3.0	5.0	14.0	25.0	54.0	23.0	45.0	114.0	227.0	445.0	17.0	38.0	94.0	185.0	372.0	-1.0	1.0	2.0	4.0	8.0	3.0	7.0	21.0	42.0	80.0	19.0	40.0	100.0	199.0	399.0	9.0	17.0	44.0	87.0	172.0	8.0	20.0	50.0	95.0	190.0	18.0	40.0	97.0	193.0	381.0	23.0	44.0	111.0	227.0	444.0
ADDB_696_708		0.0	1.0	3.0	4.0	8.0	-1.0	1.0	3.0	6.0	11.0	0.0	2.0	4.0	6.0	12.0	0.0	2.0	2.0	6.0	13.0	1.0	2.0	3.0	5.0	13.0	-1.0	1.0	2.0	3.0	7.0	0.0	-2.0	3.0	3.0	8.0	0.0	2.0	3.0	4.0	8.0	-1.0	1.0	1.0	3.0	9.0	1.0	1.0	2.0	5.0	11.0	1.0	1.0	0.0	5.0	9.0
BRCA1_1451_1463		0.0	0.0	-2.0	3.0	3.0	-1.0	0.0	2.0	2.0	5.0	-1.0	0.0	-1.0	1.0	2.0	0.0	-1.0	0.0	0.0	1.0	-2.0	0.0	1.0	1.0	0.0	1.0	2.0	1.0	0.0	0.0	0.0	0.0	2.0	3.0	-3.0	1.0	1.0	0.0	2.0	1.0	0.0	0.0	-1.0	0.0	0.0	1.0	2.0	2.0	6.0	8.0	1.0	1.0	1.0	1.0	2.0
DCX_49_61		1.0	1.0	2.0	6.0	11.0	0.0	2.0	3.0	3.0	10.0	-1.0	0.0	3.0	5.0	8.0	1.0	2.0	2.0	6.0	8.0	2.0	1.0	0.0	4.0	8.0	1.0	2.0	2.0	3.0	9.0	0.0	0.0	1.0	6.0	9.0	1.0	0.0	1.0	5.0	7.0	1.0	1.0	2.0	6.0	10.0	2.0	1.0	2.0	4.0	8.0	0.0	1.0	3.0	4.0	12.0
GSUB_61_73		2.0	0.0	4.0	8.0	15.0	0.0	3.0	2.0	7.0	14.0	2.0	2.0	5.0	9.0	15.0	1.0	1.0	3.0	7.0	18.0	1.0	0.0	2.0	5.0	10.0	1.0	1.0	3.0	7.0	11.0	0.0	0.0	4.0	6.0	11.0	1.0	1.0	3.0	5.0	9.0	0.0	3.0	4.0	8.0	13.0	0.0	1.0	3.0	9.0	13.0	2.0	0.0	7.0	8.0	16.0
KCNB1_489_501		-1.0	1.0	1.0	4.0	5.0	1.0	0.0	0.0	3.0	4.0	0.0	1.0	3.0	6.0	7.0	2.0	0.0	5.0	7.0	16.0	-1.0	1.0	3.0	2.0	7.0	-1.0	1.0	1.0	2.0	4.0	0.0	0.0	3.0	2.0	5.0	0.0	0.0	3.0	4.0	5.0	1.0	0.0	1.0	2.0	2.0	-1.0	0.0	0.0	2.0	7.0	-1.0	0.0	3.0	3.0	8.0
MK10_214_226		1.0	2.0	1.0	3.0	4.0	0.0	1.0	1.0	5.0	6.0	1.0	1.0	2.0	4.0	8.0	1.0	2.0	1.0	0.0	5.0	0.0	-1.0	0.0	1.0	4.0	0.0	1.0	1.0	1.0	2.0	1.0	-1.0	0.0	1.0	4.0	0.0	0.0	-1.0	3.0	4.0	-1.0	0.0	2.0	0.0	4.0	1.0	0.0	1.0	3.0	4.0	0.0	2.0	0.0	2.0	5.0
NR4A1_344_356		1.0	5.0	13.0	25.0	45.0	2.0	5.0	15.0	30.0	60.0	5.0	12.0	23.0	48.0	94.0	5.0	9.0	23.0	44.0	91.0	4.0	7.0	19.0	33.0	69.0	6.0	8.0	18.0	39.0	78.0	4.0	8.0	19.0	41.0	83.0	4.0	5.0	13.0	24.0	46.0	3.0	6.0	16.0	33.0	67.0	4.0	9.0	19.0	44.0	92.0	3.0	8.0	24.0	42.0	88.0
RAF1_253_265		2.0	1.0	2.0	7.0	15.0	2.0	1.0	5.0	9.0	19.0	2.0	4.0	7.0	18.0	38.0	1.0	4.0	9.0	17.0	34.0	0.0	0.0	5.0	6.0	15.0	0.0	0.0	4.0	9.0	19.0	2.0	2.0	8.0	13.0	33.0	1.0	1.0	4.0	10.0	19.0	0.0	2.0	6.0	13.0	25.0	1.0	4.0	10.0	26.0	59.0	4.0	5.0	12.0	23.0	49.0
STMN2_90_102		2.0	0.0	2.0	3.0	8.0	-1.0	0.0	1.0	5.0	7.0	0.0	0.0	2.0	3.0	7.0	1.0	0.0	2.0	3.0	2.0	0.0	0.0	1.0	3.0	5.0	1.0	1.0	1.0	5.0	10.0	1.0	-1.0	1.0	2.0	0.0	1.0	0.0	1.0	1.0	5.0	1.0	1.0	2.0	1.0	7.0	-1.0	1.0	-1.0	2.0	5.0	2.0	-2.0	3.0	2.0	3.0
CGHB_109_121		16.0	28.0	74.0	147.0	298.0	9.0	25.0	55.0	107.0	209.0	82.0	159.0	396.0	792.0	1550.0	58.0	115.0	279.0	571.0	1100.0	1.0	2.0	2.0	5.0	11.0	14.0	29.0	71.0	141.0	289.0	77.0	164.0	389.0	765.0	1577.0	30.0	63.0	157.0	313.0	609.0	40.0	78.0	193.0	387.0	761.0	54.0	111.0	266.0	536.0	1066.0	79.0	159.0	383.0	758.0	1500.0
NCF1_296_308		3.0	4.0	8.0	16.0	30.0	1.0	3.0	8.0	17.0	36.0	4.0	8.0	23.0	44.0	92.0	4.0	7.0	20.0	34.0	76.0	2.0	4.0	7.0	15.0	34.0	1.0	4.0	11.0	23.0	45.0	3.0	8.0	19.0	40.0	81.0	5.0	9.0	19.0	42.0	82.0	2.0	6.0	15.0	31.0	58.0	5.0	8.0	22.0	43.0	85.0	6.0	10.0	23.0	45.0	96.0
VTNC_390_402		3.0	1.0	4.0	10.0	15.0	1.0	1.0	5.0	11.0	18.0	2.0	4.0	11.0	21.0	44.0	2.0	3.0	7.0	17.0	36.0	3.0	1.0	3.0	7.0	12.0	1.0	0.0	5.0	8.0	17.0	3.0	2.0	11.0	18.0	35.0	6.0	12.0	30.0	56.0	118.0	2.0	2.0	5.0	12.0	26.0	3.0	4.0	10.0	22.0	40.0	2.0	6.0	12.0	23.0	44.0
ADDB_706_718		1.0	3.0	10.0	14.0	32.0	2.0	5.0	8.0	16.0	34.0	2.0	4.0	12.0	19.0	42.0	2.0	5.0	12.0	23.0	43.0	2.0	2.0	9.0	18.0	37.0	2.0	4.0	8.0	17.0	38.0	3.0	2.0	8.0	17.0	36.0	4.0	4.0	10.0	20.0	41.0	2.0	3.0	12.0	21.0	49.0	1.0	4.0	8.0	18.0	35.0	2.0	4.0	10.0	22.0	42.0
C1R_201_213		1.0	1.0	0.0	2.0	4.0	-1.0	0.0	3.0	4.0	8.0	0.0	1.0	3.0	2.0	5.0	0.0	-1.0	2.0	4.0	7.0	1.0	0.0	0.0	4.0	4.0	1.0	-1.0	-2.0	0.0	3.0	0.0	0.0	2.0	5.0	7.0	0.0	0.0	1.0	1.0	3.0	0.0	2.0	1.0	4.0	4.0	2.0	2.0	2.0	2.0	5.0	1.0	0.0	3.0	1.0	6.0
ELK1_356_368		0.0	-1.0	3.0	3.0	2.0	1.0	1.0	2.0	3.0	8.0	1.0	0.0	1.0	5.0	5.0	-1.0	0.0	3.0	4.0	7.0	-1.0	-1.0	1.0	1.0	1.0	1.0	-1.0	2.0	2.0	1.0	0.0	2.0	2.0	1.0	2.0	-1.0	0.0	2.0	-1.0	2.0	0.0	0.0	1.0	2.0	5.0	1.0	-1.0	-1.0	0.0	3.0	-1.0	-1.0	1.0	0.0	4.0
GYS2_1_13		10.0	20.0	51.0	102.0	208.0	11.0	19.0	50.0	102.0	196.0	17.0	33.0	86.0	170.0	340.0	18.0	36.0	90.0	178.0	362.0	12.0	25.0	63.0	127.0	251.0	15.0	29.0	75.0	154.0	310.0	22.0	40.0	97.0	199.0	396.0	13.0	29.0	73.0	145.0	293.0	17.0	37.0	86.0	176.0	350.0	13.0	25.0	65.0	129.0	265.0	12.0	24.0	60.0	124.0	249.0
KIF11_919_931		0.0	1.0	2.0	2.0	3.0	0.0	0.0	1.0	1.0	2.0	-1.0	1.0	2.0	2.0	3.0	0.0	-1.0	1.0	1.0	1.0	-1.0	1.0	0.0	2.0	3.0	1.0	0.0	-2.0	0.0	0.0	2.0	0.0	2.0	-1.0	2.0	0.0	0.0	1.0	-1.0	-2.0	0.0	-1.0	-1.0	1.0	2.0	1.0	1.0	-1.0	0.0	0.0	0.0	0.0	0.0	0.0	5.0
MP2K1_281_293		-1.0	1.0	0.0	2.0	3.0	2.0	0.0	0.0	1.0	4.0	-1.0	0.0	2.0	0.0	2.0	0.0	2.0	1.0	1.0	4.0	0.0	-1.0	0.0	2.0	3.0	0.0	0.0	0.0	0.0	0.0	-1.0	-1.0	-1.0	-1.0	-2.0	0.0	-1.0	0.0	-1.0	0.0	0.0	0.0	0.0	1.0	3.0	0.0	0.0	-1.0	1.0	1.0	0.0	-1.0	0.0	0.0	1.0
NTRK3_824_836		1.0	0.0	1.0	1.0	8.0	-1.0	-1.0	1.0	3.0	8.0	-1.0	1.0	3.0	4.0	6.0	1.0	0.0	1.0	4.0	7.0	2.0	-1.0	1.0	1.0	3.0	-2.0	1.0	3.0	1.0	5.0	0.0	1.0	2.0	2.0	6.0	2.0	1.0	1.0	1.0	5.0	1.0	0.0	1.0	3.0	5.0	0.0	3.0	1.0	3.0	8.0	0.0	1.0	2.0	3.0	4.0
RAP1B_172_184		2.0	5.0	10.0	18.0	38.0	3.0	4.0	11.0	21.0	41.0	4.0	5.0	16.0	30.0	57.0	4.0	7.0	14.0	28.0	56.0	1.0	6.0	12.0	25.0	45.0	1.0	4.0	11.0	24.0	45.0	0.0	3.0	13.0	29.0	50.0	3.0	4.0	11.0	21.0	45.0	2.0	5.0	17.0	32.0	63.0	1.0	7.0	16.0	29.0	64.0	2.0	6.0	17.0	30.0	60.0
TAU_524_536		2.0	1.0	3.0	6.0	11.0	1.0	2.0	3.0	9.0	13.0	1.0	2.0	4.0	9.0	20.0	1.0	3.0	3.0	9.0	16.0	1.0	2.0	3.0	7.0	14.0	0.0	2.0	2.0	5.0	13.0	0.0	2.0	4.0	7.0	15.0	1.0	-1.0	2.0	5.0	7.0	1.0	2.0	3.0	9.0	14.0	0.0	1.0	6.0	8.0	16.0	1.0	1.0	6.0	9.0	13.0
CREB1_126_138		3.0	3.0	8.0	11.0	25.0	1.0	2.0	7.0	11.0	23.0	2.0	6.0	18.0	32.0	67.0	3.0	6.0	15.0	34.0	65.0	3.0	3.0	9.0	12.0	25.0	1.0	3.0	8.0	15.0	32.0	5.0	9.0	20.0	42.0	90.0	9.0	19.0	45.0	86.0	173.0	2.0	4.0	10.0	23.0	44.0	3.0	4.0	11.0	21.0	44.0	2.0	6.0	14.0	26.0	49.0
NCF1_321_333		1.0	1.0	3.0	9.0	13.0	0.0	3.0	4.0	9.0	16.0	2.0	3.0	5.0	14.0	23.0	1.0	2.0	5.0	8.0	17.0	0.0	1.0	3.0	8.0	15.0	0.0	0.0	3.0	6.0	14.0	1.0	2.0	4.0	10.0	19.0	3.0	4.0	8.0	21.0	40.0	0.0	2.0	4.0	8.0	17.0	0.0	1.0	3.0	9.0	20.0	2.0	2.0	4.0	11.0	18.0
CFTR_761_773		2.0	5.0	10.0	21.0	42.0	1.0	5.0	10.0	21.0	44.0	5.0	10.0	22.0	46.0	88.0	5.0	10.0	28.0	52.0	105.0	2.0	4.0	7.0	19.0	34.0	3.0	7.0	14.0	30.0	58.0	7.0	13.0	31.0	58.0	120.0	42.0	82.0	206.0	414.0	829.0	5.0	10.0	23.0	45.0	89.0	5.0	8.0	19.0	37.0	76.0	4.0	8.0	19.0	40.0	83.0
AKT1_301_313		0.0	1.0	4.0	1.0	10.0	0.0	-1.0	1.0	3.0	6.0	-1.0	2.0	2.0	5.0	8.0	-1.0	0.0	1.0	4.0	6.0	1.0	1.0	2.0	3.0	5.0	1.0	0.0	2.0	-1.0	5.0	1.0	0.0	1.0	1.0	2.0	1.0	2.0	1.0	3.0	3.0	-1.0	1.0	1.0	2.0	5.0	1.0	1.0	1.0	3.0	4.0	-2.0	0.0	3.0	3.0	2.0
CA2D1_494_506		4.0	4.0	10.0	20.0	40.0	2.0	5.0	11.0	20.0	43.0	5.0	6.0	17.0	31.0	69.0	3.0	7.0	15.0	29.0	58.0	2.0	5.0	10.0	23.0	49.0	4.0	6.0	15.0	28.0	59.0	4.0	8.0	19.0	37.0	73.0	2.0	8.0	17.0	34.0	65.0	3.0	7.0	16.0	36.0	68.0	2.0	4.0	9.0	19.0	45.0	4.0	2.0	12.0	22.0	46.0
ELK1_410_422		2.0	1.0	0.0	1.0	3.0	-1.0	-1.0	1.0	1.0	5.0	0.0	0.0	0.0	1.0	2.0	2.0	3.0	2.0	3.0	5.0	0.0	-2.0	2.0	1.0	1.0	1.0	1.0	1.0	1.0	1.0	1.0	1.0	0.0	1.0	0.0	-1.0	0.0	-1.0	0.0	1.0	-1.0	0.0	2.0	1.0	1.0	0.0	2.0	1.0	4.0	8.0	-1.0	0.0	1.0	0.0	3.0
H2B1B_ 27_40		1.0	2.0	6.0	12.0	26.0	0.0	2.0	8.0	13.0	27.0	3.0	5.0	10.0	20.0	40.0	1.0	5.0	10.0	22.0	41.0	1.0	3.0	6.0	16.0	28.0	3.0	2.0	7.0	13.0	27.0	1.0	2.0	9.0	17.0	33.0	2.0	3.0	7.0	14.0	29.0	2.0	4.0	10.0	20.0	38.0	2.0	2.0	9.0	20.0	40.0	3.0	5.0	13.0	24.0	46.0
KIF2C_105_118_S106G		-1.0	5.0	13.0	25.0	51.0	3.0	4.0	13.0	25.0	47.0	12.0	22.0	55.0	110.0	222.0	8.0	18.0	44.0	86.0	179.0	2.0	3.0	10.0	22.0	39.0	3.0	5.0	14.0	28.0	53.0	11.0	19.0	46.0	93.0	185.0	6.0	11.0	28.0	53.0	109.0	4.0	11.0	30.0	58.0	118.0	9.0	14.0	37.0	73.0	149.0	9.0	22.0	46.0	96.0	193.0
MP2K1_287_299		3.0	6.0	17.0	33.0	70.0	4.0	7.0	18.0	36.0	72.0	7.0	13.0	29.0	55.0	110.0	5.0	9.0	19.0	47.0	114.0	6.0	8.0	22.0	47.0	95.0	4.0	9.0	21.0	42.0	88.0	5.0	10.0	24.0	45.0	89.0	4.0	7.0	17.0	36.0	70.0	5.0	11.0	28.0	57.0	115.0	6.0	11.0	27.0	53.0	106.0	7.0	12.0	30.0	55.0	112.0
P53_12_24		1.0	3.0	8.0	16.0	30.0	3.0	3.0	6.0	13.0	25.0	3.0	5.0	10.0	21.0	40.0	5.0	8.0	16.0	39.0	60.0	0.0	1.0	4.0	10.0	19.0	1.0	2.0	8.0	11.0	27.0	3.0	5.0	10.0	21.0	37.0	1.0	2.0	6.0	13.0	26.0	3.0	4.0	10.0	18.0	34.0	2.0	4.0	10.0	23.0	37.0	2.0	4.0	11.0	17.0	35.0
RB_242_254		3.0	3.0	9.0	20.0	39.0	3.0	6.0	13.0	27.0	51.0	5.0	5.0	15.0	27.0	57.0	3.0	7.0	14.0	30.0	58.0	2.0	1.0	11.0	23.0	42.0	5.0	5.0	14.0	26.0	51.0	3.0	5.0	13.0	29.0	53.0	2.0	6.0	12.0	22.0	42.0	2.0	6.0	12.0	28.0	56.0	4.0	6.0	11.0	24.0	50.0	2.0	4.0	9.0	16.0	31.0
TLE2_246_258		0.0	1.0	0.0	1.0	4.0	-1.0	-1.0	1.0	2.0	1.0	0.0	-2.0	0.0	0.0	3.0	0.0	0.0	-1.0	0.0	1.0	0.0	-1.0	1.0	3.0	3.0	1.0	1.0	-1.0	1.0	0.0	1.0	0.0	1.0	0.0	1.0	0.0	1.0	-1.0	-1.0	1.0	-1.0	1.0	0.0	0.0	1.0	0.0	1.0	0.0	-1.0	1.0	-2.0	1.0	0.0	1.0	-1.0
DESP_2842_2854		0.0	2.0	3.0	4.0	8.0	-1.0	0.0	4.0	4.0	10.0	-1.0	-2.0	2.0	2.0	8.0	0.0	1.0	0.0	7.0	13.0	1.0	1.0	1.0	2.0	10.0	-1.0	1.0	3.0	3.0	9.0	0.0	1.0	2.0	4.0	10.0	-1.0	1.0	3.0	6.0	10.0	2.0	-1.0	3.0	5.0	12.0	0.0	2.0	4.0	8.0	17.0	1.0	4.0	5.0	9.0	24.0
NFKB1_330_342		0.0	2.0	2.0	4.0	10.0	-1.0	1.0	1.0	4.0	9.0	2.0	2.0	5.0	14.0	24.0	0.0	1.0	5.0	9.0	20.0	-1.0	0.0	1.0	3.0	6.0	1.0	0.0	5.0	6.0	13.0	1.0	2.0	6.0	11.0	22.0	2.0	3.0	10.0	20.0	37.0	1.0	1.0	3.0	7.0	14.0	0.0	2.0	5.0	9.0	19.0	1.0	3.0	7.0	10.0	22.0
F263_454_466		1.0	3.0	8.0	16.0	26.0	3.0	2.0	7.0	13.0	25.0	2.0	5.0	12.0	25.0	49.0	2.0	5.0	12.0	23.0	47.0	1.0	2.0	4.0	6.0	16.0	1.0	2.0	6.0	12.0	27.0	2.0	5.0	11.0	24.0	47.0	21.0	46.0	114.0	227.0	454.0	2.0	5.0	8.0	18.0	31.0	3.0	3.0	9.0	17.0	37.0	2.0	5.0	12.0	20.0	43.0
ANDR_785_797		4.0	7.0	19.0	37.0	73.0	4.0	7.0	17.0	34.0	72.0	6.0	13.0	32.0	64.0	132.0	7.0	11.0	30.0	64.0	121.0	3.0	7.0	18.0	35.0	72.0	6.0	11.0	27.0	52.0	103.0	6.0	12.0	34.0	72.0	135.0	7.0	12.0	31.0	61.0	120.0	5.0	12.0	29.0	60.0	121.0	6.0	11.0	30.0	54.0	109.0	5.0	11.0	25.0	50.0	95.0
CD27_212_224		2.0	4.0	11.0	23.0	40.0	3.0	4.0	13.0	25.0	46.0	4.0	6.0	19.0	38.0	74.0	4.0	8.0	17.0	36.0	69.0	3.0	4.0	11.0	23.0	47.0	4.0	9.0	20.0	37.0	76.0	4.0	7.0	20.0	40.0	79.0	2.0	7.0	18.0	34.0	70.0	5.0	8.0	18.0	34.0	75.0	5.0	8.0	20.0	40.0	83.0	5.0	9.0	20.0	41.0	83.0
ERBB2_679_691		5.0	9.0	25.0	50.0	96.0	4.0	10.0	30.0	60.0	123.0	9.0	22.0	52.0	105.0	220.0	10.0	19.0	46.0	101.0	199.0	8.0	14.0	36.0	74.0	147.0	10.0	15.0	41.0	78.0	159.0	11.0	23.0	57.0	111.0	230.0	7.0	20.0	43.0	93.0	187.0	9.0	18.0	42.0	88.0	170.0	5.0	15.0	26.0	59.0	122.0	9.0	18.0	50.0	99.0	192.0
H32_3_18		2.0	3.0	9.0	16.0	33.0	3.0	3.0	10.0	17.0	38.0	2.0	7.0	16.0	34.0	67.0	2.0	6.0	19.0	35.0	70.0	1.0	5.0	14.0	27.0	56.0	4.0	3.0	12.0	23.0	45.0	3.0	4.0	15.0	29.0	57.0	3.0	4.0	10.0	21.0	36.0	4.0	6.0	14.0	28.0	52.0	3.0	6.0	16.0	33.0	59.0	4.0	8.0	18.0	36.0	73.0
KPCB_19_31_A25S		2.0	9.0	22.0	41.0	81.0	4.0	8.0	23.0	44.0	93.0	7.0	18.0	41.0	85.0	168.0	8.0	16.0	38.0	81.0	159.0	6.0	10.0	27.0	55.0	112.0	6.0	13.0	31.0	61.0	123.0	7.0	17.0	41.0	82.0	163.0	4.0	13.0	31.0	61.0	121.0	7.0	17.0	42.0	84.0	168.0	7.0	16.0	42.0	86.0	175.0	8.0	17.0	45.0	89.0	181.0
MPH6_140_152		1.0	1.0	4.0	3.0	10.0	-1.0	0.0	0.0	2.0	2.0	1.0	0.0	1.0	0.0	2.0	-1.0	-2.0	1.0	1.0	0.0	1.0	1.0	0.0	-2.0	-1.0	-1.0	0.0	1.0	-1.0	1.0	-1.0	0.0	1.0	-1.0	0.0	0.0	-1.0	2.0	1.0	-2.0	0.0	1.0	0.0	0.0	1.0	1.0	1.0	1.0	3.0	0.0	1.0	1.0	0.0	-1.0	2.0
P53_308_323		-1.0	1.0	1.0	5.0	9.0	0.0	0.0	2.0	3.0	7.0	-1.0	1.0	3.0	6.0	8.0	1.0	2.0	2.0	5.0	8.0	1.0	0.0	1.0	5.0	6.0	1.0	1.0	3.0	4.0	6.0	1.0	0.0	1.0	3.0	4.0	-1.0	1.0	3.0	3.0	4.0	-1.0	0.0	3.0	3.0	10.0	0.0	1.0	2.0	4.0	6.0	0.0	2.0	2.0	2.0	9.0
RB_350_362		2.0	1.0	2.0	3.0	9.0	2.0	-1.0	1.0	5.0	7.0	2.0	1.0	2.0	6.0	10.0	1.0	2.0	4.0	5.0	8.0	1.0	1.0	2.0	6.0	9.0	0.0	0.0	0.0	5.0	8.0	0.0	1.0	4.0	4.0	11.0	0.0	1.0	1.0	3.0	8.0	1.0	1.0	4.0	8.0	13.0	0.0	0.0	2.0	3.0	9.0	0.0	0.0	3.0	5.0	10.0
TOP2A_1463_1475		3.0	5.0	10.0	21.0	41.0	2.0	3.0	7.0	17.0	35.0	5.0	9.0	24.0	50.0	108.0	5.0	11.0	25.0	48.0	98.0	1.0	1.0	5.0	11.0	22.0	1.0	5.0	8.0	19.0	36.0	9.0	15.0	34.0	68.0	126.0	6.0	12.0	32.0	66.0	129.0	3.0	8.0	17.0	33.0	69.0	5.0	8.0	21.0	40.0	82.0	5.0	10.0	26.0	47.0	100.0
E1A_ADE05_212_224		22.0	44.0	110.0	218.0	437.0	12.0	25.0	64.0	123.0	253.0	103.0	201.0	495.0	975.0	1938.0	75.0	147.0	372.0	732.0	1467.0	2.0	3.0	4.0	14.0	21.0	19.0	41.0	98.0	198.0	390.0	86.0	171.0	425.0	849.0	1671.0	46.0	91.0	229.0	448.0	900.0	47.0	98.0	246.0	500.0	988.0	58.0	114.0	285.0	563.0	1117.0	84.0	166.0	409.0	809.0	1611.0
PLM_76_88		1.0	3.0	3.0	9.0	14.0	1.0	2.0	7.0	10.0	22.0	1.0	2.0	8.0	17.0	29.0	1.0	4.0	8.0	15.0	32.0	2.0	3.0	6.0	9.0	19.0	0.0	2.0	5.0	11.0	22.0	3.0	4.0	8.0	17.0	30.0	3.0	3.0	8.0	13.0	27.0	2.0	3.0	7.0	13.0	31.0	1.0	1.0	7.0	12.0	24.0	1.0	1.0	6.0	10.0	20.0
KAP3_107_119		5.0	7.0	18.0	40.0	74.0	4.0	7.0	22.0	38.0	75.0	5.0	14.0	31.0	62.0	122.0	7.0	15.0	35.0	75.0	150.0	3.0	5.0	17.0	33.0	66.0	6.0	11.0	29.0	54.0	113.0	8.0	17.0	47.0	95.0	191.0	11.0	23.0	55.0	114.0	226.0	7.0	15.0	35.0	71.0	135.0	7.0	14.0	33.0	68.0	133.0	7.0	12.0	30.0	59.0	120.0
ANXA1_209_221		-1.0	-1.0	-2.0	-3.0	10.0	-2.0	0.0	1.0	9.0	6.0	-2.0	1.0	3.0	4.0	25.0	0.0	-2.0	-2.0	9.0	17.0	0.0	-2.0	-1.0	3.0	1.0	0.0	-2.0	0.0	3.0	13.0	1.0	0.0	1.0	4.0	13.0	-3.0	1.0	1.0	-2.0	8.0	0.0	1.0	-1.0	6.0	7.0	0.0	0.0	3.0	3.0	13.0	-2.0	0.0	3.0	4.0	12.0
CDC2_154_169		0.0	-1.0	2.0	4.0	7.0	1.0	0.0	3.0	4.0	7.0	0.0	0.0	5.0	8.0	17.0	1.0	1.0	1.0	7.0	14.0	0.0	0.0	1.0	4.0	6.0	0.0	-1.0	1.0	1.0	11.0	1.0	0.0	1.0	3.0	8.0	-1.0	-2.0	3.0	4.0	9.0	1.0	0.0	1.0	4.0	16.0	-1.0	2.0	0.0	2.0	8.0	0.0	2.0	1.0	4.0	12.0
ERF_519_531		1.0	1.0	0.0	3.0	6.0	-1.0	0.0	1.0	4.0	2.0	-1.0	1.0	0.0	0.0	3.0	0.0	0.0	2.0	2.0	4.0	1.0	0.0	0.0	2.0	1.0	-2.0	2.0	-1.0	0.0	3.0	-1.0	0.0	0.0	2.0	1.0	-1.0	0.0	1.0	2.0	4.0	1.0	0.0	0.0	1.0	4.0	0.0	0.0	2.0	1.0	5.0	2.0	3.0	0.0	3.0	6.0
IF4E_203_215		0.0	2.0	4.0	9.0	20.0	2.0	3.0	4.0	10.0	18.0	2.0	3.0	5.0	11.0	20.0	2.0	2.0	6.0	12.0	25.0	1.0	3.0	4.0	8.0	16.0	1.0	0.0	5.0	10.0	20.0	0.0	4.0	5.0	10.0	20.0	0.0	0.0	4.0	10.0	18.0	1.0	0.0	6.0	13.0	28.0	2.0	1.0	7.0	13.0	25.0	1.0	3.0	5.0	12.0	22.0
KPCB_626_639		0.0	0.0	2.0	4.0	11.0	1.0	1.0	2.0	2.0	7.0	1.0	1.0	0.0	6.0	10.0	1.0	1.0	0.0	5.0	6.0	1.0	-1.0	2.0	3.0	5.0	0.0	-1.0	1.0	2.0	5.0	1.0	2.0	1.0	4.0	10.0	0.0	1.0	1.0	1.0	5.0	-1.0	0.0	3.0	3.0	11.0	0.0	0.0	2.0	2.0	6.0	-1.0	0.0	2.0	4.0	5.0
MPIP1_172_184		2.0	6.0	13.0	24.0	44.0	1.0	5.0	12.0	25.0	49.0	3.0	10.0	19.0	36.0	70.0	4.0	9.0	21.0	44.0	87.0	3.0	5.0	15.0	30.0	57.0	3.0	4.0	13.0	31.0	60.0	4.0	7.0	19.0	35.0	70.0	4.0	7.0	20.0	36.0	78.0	5.0	7.0	20.0	37.0	78.0	3.0	6.0	17.0	37.0	71.0	3.0	7.0	18.0	33.0	64.0
PDE5A_95_107		-1.0	-1.0	-1.0	4.0	3.0	0.0	-1.0	2.0	1.0	4.0	1.0	1.0	0.0	0.0	3.0	2.0	0.0	1.0	3.0	5.0	1.0	1.0	0.0	1.0	1.0	0.0	0.0	0.0	1.0	0.0	0.0	-2.0	1.0	0.0	2.0	0.0	2.0	2.0	0.0	-1.0	0.0	0.0	1.0	1.0	5.0	0.0	-1.0	-1.0	3.0	2.0	1.0	0.0	1.0	1.0	1.0
RB_774_786		0.0	-1.0	2.0	4.0	3.0	1.0	0.0	3.0	1.0	5.0	0.0	1.0	2.0	2.0	7.0	1.0	2.0	3.0	8.0	13.0	0.0	0.0	1.0	-1.0	0.0	-1.0	1.0	1.0	1.0	3.0	-1.0	1.0	2.0	2.0	5.0	0.0	0.0	2.0	3.0	3.0	0.0	1.0	1.0	3.0	2.0	0.0	-1.0	0.0	-1.0	6.0	-2.0	0.0	1.0	4.0	4.0
VASP_150_162		-1.0	1.0	1.0	3.0	3.0	0.0	0.0	3.0	3.0	4.0	1.0	0.0	1.0	4.0	6.0	0.0	0.0	-1.0	2.0	7.0	1.0	-1.0	-1.0	0.0	0.0	-2.0	0.0	1.0	2.0	2.0	2.0	0.0	2.0	5.0	3.0	1.0	1.0	4.0	5.0	11.0	0.0	-1.0	-1.0	2.0	3.0	1.0	0.0	2.0	2.0	5.0	0.0	2.0	2.0	2.0	6.0
EPB42_241_253		1.0	2.0	7.0	13.0	25.0	1.0	2.0	6.0	15.0	27.0	1.0	4.0	11.0	22.0	51.0	2.0	5.0	10.0	22.0	48.0	2.0	5.0	7.0	15.0	30.0	3.0	4.0	8.0	21.0	40.0	3.0	4.0	10.0	20.0	42.0	3.0	9.0	20.0	43.0	84.0	2.0	4.0	10.0	19.0	40.0	1.0	4.0	8.0	16.0	33.0	1.0	1.0	6.0	15.0	36.0
PTN12_32_44		1.0	4.0	10.0	18.0	40.0	3.0	3.0	8.0	17.0	34.0	5.0	9.0	23.0	47.0	96.0	7.0	10.0	23.0	46.0	94.0	0.0	4.0	8.0	15.0	36.0	2.0	5.0	13.0	24.0	47.0	4.0	11.0	28.0	53.0	110.0	7.0	17.0	41.0	81.0	168.0	4.0	7.0	18.0	35.0	68.0	3.0	9.0	21.0	44.0	83.0	5.0	8.0	22.0	41.0	85.0
KCNA6_504_516		2.0	4.0	6.0	13.0	26.0	2.0	3.0	5.0	13.0	26.0	6.0	10.0	25.0	46.0	97.0	4.0	7.0	20.0	37.0	73.0	0.0	-1.0	3.0	5.0	8.0	2.0	3.0	7.0	14.0	27.0	5.0	9.0	20.0	42.0	82.0	14.0	28.0	69.0	143.0	280.0	3.0	6.0	14.0	28.0	54.0	6.0	9.0	21.0	45.0	85.0	6.0	12.0	29.0	50.0	109.0
pVASP_150_164		653.0	1291.0	3165.0	3614.0	3240.0	612.0	1189.0	2923.0	3664.0	3353.0	986.0	1962.0	3728.0	3457.0	2935.0	879.0	1746.0	3760.0	3540.0	3105.0	453.0	922.0	2270.0	3726.0	3480.0	472.0	856.0	2115.0	3422.0	3480.0	574.0	1140.0	2804.0	3667.0	3343.0	909.0	1790.0	3760.0	3530.0	3039.0	878.0	1741.0	3753.0	3521.0	3048.0	699.0	1416.0	3380.0	3598.0	3210.0	796.0	1590.0	3760.0	3532.0	3106.0
CDK7_163_175		1.0	3.0	6.0	25.0	37.0	1.0	3.0	5.0	17.0	32.0	1.0	2.0	12.0	25.0	44.0	3.0	2.0	14.0	25.0	45.0	0.0	1.0	-1.0	4.0	8.0	0.0	1.0	6.0	17.0	17.0	0.0	1.0	6.0	14.0	31.0	0.0	4.0	12.0	17.0	47.0	1.0	4.0	10.0	31.0	66.0	3.0	6.0	15.0	37.0	69.0	2.0	6.0	14.0	29.0	51.0
ESR1_160_172		4.0	5.0	11.0	20.0	39.0	2.0	4.0	8.0	17.0	32.0	7.0	13.0	31.0	63.0	121.0	5.0	10.0	24.0	46.0	86.0	2.0	1.0	5.0	8.0	17.0	3.0	6.0	13.0	25.0	45.0	7.0	13.0	36.0	75.0	151.0	4.0	9.0	18.0	38.0	77.0	2.0	8.0	21.0	41.0	82.0	6.0	12.0	27.0	54.0	107.0	6.0	15.0	32.0	68.0	132.0
IKBA_26_38		0.0	0.0	1.0	3.0	4.0	1.0	0.0	-1.0	4.0	6.0	1.0	1.0	2.0	2.0	7.0	0.0	-1.0	1.0	2.0	3.0	-1.0	1.0	1.0	1.0	1.0	1.0	2.0	3.0	4.0	4.0	0.0	0.0	2.0	0.0	3.0	-1.0	1.0	-1.0	1.0	-2.0	-1.0	1.0	1.0	2.0	3.0	1.0	0.0	2.0	1.0	4.0	0.0	2.0	2.0	2.0	1.0
KS6A1_374_386		2.0	4.0	11.0	23.0	48.0	4.0	4.0	8.0	19.0	31.0	3.0	6.0	16.0	33.0	66.0	4.0	9.0	19.0	37.0	80.0	3.0	5.0	14.0	25.0	52.0	3.0	8.0	17.0	33.0	65.0	4.0	6.0	19.0	38.0	75.0	4.0	7.0	15.0	32.0	68.0	3.0	6.0	16.0	32.0	66.0	3.0	4.0	14.0	27.0	57.0	4.0	6.0	14.0	30.0	56.0
MPIP3_208_220		-1.0	1.0	2.0	5.0	11.0	-1.0	0.0	2.0	4.0	12.0	1.0	1.0	3.0	8.0	16.0	2.0	1.0	3.0	9.0	16.0	2.0	3.0	2.0	4.0	12.0	0.0	2.0	2.0	7.0	11.0	2.0	0.0	3.0	6.0	9.0	1.0	2.0	3.0	6.0	13.0	0.0	1.0	4.0	8.0	17.0	1.0	5.0	5.0	12.0	21.0	1.0	1.0	4.0	11.0	15.0
PDPK1_27_39		1.0	0.0	1.0	0.0	3.0	1.0	1.0	0.0	-1.0	3.0	0.0	0.0	1.0	3.0	8.0	1.0	0.0	1.0	3.0	4.0	0.0	0.0	0.0	2.0	0.0	0.0	1.0	1.0	0.0	0.0	1.0	0.0	0.0	1.0	3.0	0.0	1.0	1.0	1.0	2.0	0.0	1.0	0.0	1.0	1.0	-1.0	1.0	1.0	0.0	2.0	1.0	0.0	1.0	2.0	4.0
RB_803_815		3.0	6.0	17.0	33.0	65.0	3.0	7.0	14.0	29.0	57.0	6.0	13.0	27.0	54.0	109.0	4.0	11.0	27.0	54.0	114.0	5.0	8.0	18.0	40.0	79.0	5.0	10.0	24.0	47.0	96.0	6.0	12.0	32.0	61.0	125.0	5.0	8.0	22.0	44.0	87.0	4.0	11.0	28.0	55.0	106.0	3.0	8.0	21.0	43.0	84.0	4.0	9.0	24.0	44.0	88.0
VASP_232_244		0.0	1.0	0.0	2.0	4.0	1.0	-1.0	2.0	1.0	3.0	0.0	2.0	2.0	2.0	8.0	0.0	1.0	0.0	2.0	6.0	0.0	0.0	0.0	0.0	3.0	-1.0	-1.0	1.0	2.0	5.0	0.0	-1.0	1.0	0.0	3.0	1.0	1.0	1.0	1.0	5.0	-1.0	1.0	1.0	3.0	7.0	1.0	0.0	2.0	3.0	3.0	0.0	3.0	0.0	2.0	5.0
GBRB2_427_439		0.0	4.0	10.0	21.0	41.0	2.0	3.0	9.0	16.0	36.0	4.0	8.0	21.0	42.0	85.0	4.0	10.0	22.0	46.0	90.0	1.0	4.0	8.0	15.0	33.0	3.0	5.0	14.0	26.0	52.0	6.0	11.0	27.0	56.0	107.0	17.0	31.0	81.0	165.0	327.0	4.0	5.0	17.0	35.0	66.0	5.0	7.0	22.0	42.0	82.0	5.0	10.0	23.0	48.0	98.0
PYGL_8_20		2.0	2.0	8.0	20.0	37.0	3.0	5.0	11.0	21.0	39.0	2.0	4.0	12.0	20.0	41.0	2.0	6.0	15.0	29.0	54.0	2.0	6.0	13.0	22.0	45.0	3.0	4.0	13.0	24.0	47.0	2.0	6.0	14.0	29.0	58.0	2.0	4.0	11.0	21.0	42.0	3.0	5.0	14.0	27.0	50.0	2.0	2.0	9.0	17.0	32.0	2.0	3.0	8.0	15.0	27.0
TY3H_65_77		1.0	2.0	4.0	5.0	12.0	1.0	1.0	5.0	5.0	11.0	0.0	2.0	4.0	9.0	17.0	1.0	2.0	5.0	8.0	17.0	4.0	2.0	1.0	4.0	7.0	1.0	1.0	2.0	4.0	11.0	0.0	2.0	4.0	7.0	16.0	5.0	9.0	21.0	43.0	85.0	0.0	0.0	3.0	7.0	14.0	2.0	3.0	6.0	6.0	15.0	1.0	2.0	4.0	7.0	13.0