BioNavigator Version	6.3.67.0	PamGrid Version	QuantitationType	Median_SigmBg	Protocol file name	Image Analysis_STKDate	Mon, 25 Oct 2021 13:30:39 GMT
	Barcode	701032203	701032203	701032203	701032203	701032203	701032203	701032203	701032203	701032203	701032203	701032203	701032203	701032203	701032203	701032203	701032203	701032203	701032203	701032203	701032203	701032204	701032204	701032204	701032204	701032204	701032204	701032204	701032204	701032204	701032204	701032204	701032204	701032204	701032204	701032204	701032204	701032204	701032204	701032204	701032204
	Row	1	1	1	1	1	2	2	2	2	2	3	3	3	3	3	4	4	4	4	4	1	1	1	1	1	2	2	2	2	2	3	3	3	3	3	4	4	4	4	4
	Exposure time	10.0	20.0	50.0	100.0	200.0	10.0	20.0	50.0	100.0	200.0	10.0	20.0	50.0	100.0	200.0	10.0	20.0	50.0	100.0	200.0	10.0	20.0	50.0	100.0	200.0	10.0	20.0	50.0	100.0	200.0	10.0	20.0	50.0	100.0	200.0	10.0	20.0	50.0	100.0	200.0
	Cycle	124	124	124	124	124	124	124	124	124	124	124	124	124	124	124	124	124	124	124	124	124	124	124	124	124	124	124	124	124	124	124	124	124	124	124	124	124	124	124	124
	Array	A1	A1	A1	A1	A1	A2	A2	A2	A2	A2	A3	A3	A3	A3	A3	A4	A4	A4	A4	A4	A1	A1	A1	A1	A1	A2	A2	A2	A2	A2	A3	A3	A3	A3	A3	A4	A4	A4	A4	A4
	Sample name	PMI Brain	PMI Brain	PMI Brain	PMI Brain	PMI Brain	PMI Brain	PMI Brain	PMI Brain	PMI Brain	PMI Brain	PMI Brain	PMI Brain	PMI Brain	PMI Brain	PMI Brain	PMI Brain	PMI Brain	PMI Brain	PMI Brain	PMI Brain	PMI Brain	PMI Brain	PMI Brain	PMI Brain	PMI Brain	PMI Brain	PMI Brain	PMI Brain	PMI Brain	PMI Brain	Brain	Brain	Brain	Brain	Brain	Brain	Brain	Brain	Brain	Brain
	Comment 1	24h	24h	24h	24h	24h	48h	48h	48h	48h	48h	24h	24h	24h	24h	24h	48h	48h	48h	48h	48h	24h	24h	24h	24h	24h	48h	48h	48h	48h	48h	CT	CT	CT	CT	CT	haloperidol	haloperidol	haloperidol	haloperidol	haloperidol
	Comment 2	1	1	1	1	1	2	2	2	2	2	3	3	3	3	3	4	4	4	4	4	5	5	5	5	5	6	6	6	6	6	7	7	7	7	7	8	8	8	8	8
ID
#REF		298.0	582.0	1449.0	2906.0	3330.0	305.0	597.0	1489.0	2935.0	3318.0	316.0	614.0	1526.0	3019.0	3334.0	315.0	643.0	1577.0	3142.0	3301.0	266.0	534.0	1330.0	2596.0	3278.0	259.0	538.0	1299.0	2478.0	3288.0	286.0	573.0	1397.0	2817.0	3217.0	316.0	613.0	1542.0	3043.0	3279.0
#REF		326.0	653.0	1643.0	3215.0	3223.0	337.0	679.0	1654.0	3214.0	3162.0	342.0	676.0	1705.0	3300.0	3254.0	344.0	681.0	1676.0	3354.0	3168.0	297.0	594.0	1455.0	2909.0	3199.0	296.0	584.0	1417.0	2758.0	3200.0	309.0	626.0	1520.0	2996.0	3090.0	338.0	681.0	1664.0	3292.0	3221.0
#REF		343.0	680.0	1701.0	3330.0	3268.0	347.0	681.0	1684.0	3300.0	3234.0	362.0	713.0	1773.0	3400.0	3272.0	362.0	717.0	1735.0	3450.0	3239.0	314.0	630.0	1561.0	3031.0	3270.0	306.0	615.0	1498.0	2920.0	3264.0	328.0	653.0	1630.0	3105.0	3128.0	359.0	700.0	1766.0	3398.0	3227.0
#REF		351.0	717.0	1776.0	3531.0	3149.0	358.0	702.0	1746.0	3406.0	3173.0	377.0	736.0	1836.0	3573.0	3142.0	361.0	714.0	1791.0	3491.0	3122.0	322.0	626.0	1571.0	3012.0	3114.0	307.0	628.0	1568.0	2996.0	3150.0	330.0	652.0	1667.0	3137.0	3036.0	365.0	718.0	1791.0	3464.0	3141.0
#REF		316.0	633.0	1580.0	3120.0	3347.0	328.0	646.0	1611.0	3195.0	3362.0	329.0	680.0	1661.0	3263.0	3348.0	314.0	653.0	1599.0	3126.0	3276.0	223.0	453.0	1136.0	2267.0	3191.0	329.0	669.0	1636.0	3177.0	3317.0	357.0	693.0	1742.0	3357.0	3264.0	357.0	706.0	1720.0	3337.0	3241.0
#REF		325.0	656.0	1622.0	3179.0	3288.0	329.0	672.0	1661.0	3263.0	3350.0	348.0	701.0	1722.0	3311.0	3315.0	331.0	651.0	1645.0	3186.0	3219.0	243.0	504.0	1247.0	2427.0	3181.0	334.0	663.0	1651.0	3230.0	3290.0	363.0	710.0	1802.0	3551.0	3262.0	362.0	724.0	1766.0	3572.0	3222.0
#REF		326.0	657.0	1631.0	3197.0	3227.0	342.0	667.0	1667.0	3244.0	3273.0	351.0	690.0	1735.0	3384.0	3243.0	324.0	646.0	1597.0	3104.0	3080.0	247.0	506.0	1294.0	2532.0	3156.0	332.0	662.0	1626.0	3208.0	3229.0	361.0	702.0	1788.0	3491.0	3204.0	362.0	717.0	1792.0	3509.0	3117.0
#REF		314.0	636.0	1584.0	3103.0	3199.0	333.0	661.0	1654.0	3269.0	3321.0	345.0	679.0	1687.0	3348.0	3255.0	320.0	660.0	1623.0	3219.0	3170.0	256.0	532.0	1294.0	2554.0	3076.0	315.0	638.0	1536.0	3030.0	3242.0	370.0	738.0	1834.0	3581.0	3200.0	361.0	700.0	1751.0	3444.0	3182.0
pTY3H_64_78		66.0	130.0	323.0	652.0	1312.0	84.0	166.0	416.0	835.0	1659.0	76.0	152.0	371.0	741.0	1469.0	74.0	149.0	370.0	739.0	1461.0	49.0	99.0	254.0	502.0	1016.0	54.0	108.0	277.0	548.0	1113.0	62.0	122.0	308.0	608.0	1200.0	75.0	141.0	355.0	728.0	1433.0
ATF2_47_59		1.0	1.0	3.0	5.0	11.0	2.0	1.0	4.0	6.0	13.0	0.0	1.0	3.0	5.0	15.0	1.0	2.0	2.0	6.0	10.0	0.0	2.0	4.0	3.0	9.0	0.0	1.0	5.0	4.0	11.0	1.0	0.0	4.0	9.0	16.0	1.0	1.0	2.0	7.0	19.0
CDN1A_139_151		1.0	2.0	6.0	16.0	34.0	2.0	4.0	9.0	23.0	53.0	1.0	3.0	8.0	19.0	51.0	1.0	2.0	8.0	14.0	44.0	1.0	2.0	7.0	9.0	10.0	2.0	5.0	8.0	17.0	36.0	2.0	3.0	9.0	19.0	44.0	3.0	4.0	11.0	19.0	52.0
FIBA_569_581		0.0	1.0	6.0	12.0	25.0	2.0	3.0	6.0	15.0	42.0	2.0	5.0	9.0	21.0	49.0	1.0	2.0	8.0	16.0	38.0	1.0	1.0	4.0	7.0	16.0	2.0	3.0	9.0	17.0	42.0	0.0	3.0	9.0	19.0	42.0	2.0	4.0	9.0	21.0	41.0
IKKB_173_185_C179A		1.0	3.0	10.0	21.0	41.0	0.0	3.0	15.0	29.0	66.0	1.0	3.0	9.0	21.0	59.0	3.0	4.0	10.0	24.0	54.0	0.0	2.0	3.0	9.0	25.0	2.0	2.0	12.0	21.0	47.0	2.0	5.0	14.0	26.0	54.0	3.0	5.0	12.0	31.0	62.0
LIPS_944_956		6.0	8.0	17.0	37.0	83.0	5.0	9.0	23.0	53.0	103.0	5.0	6.0	21.0	43.0	88.0	4.0	8.0	24.0	46.0	106.0	2.0	3.0	10.0	18.0	45.0	6.0	9.0	23.0	45.0	89.0	4.0	8.0	26.0	46.0	117.0	7.0	9.0	24.0	52.0	100.0
MYBB_513_525		3.0	5.0	18.0	29.0	69.0	2.0	8.0	17.0	37.0	78.0	3.0	8.0	17.0	41.0	77.0	2.0	6.0	16.0	30.0	73.0	2.0	4.0	10.0	21.0	44.0	5.0	8.0	19.0	37.0	78.0	5.0	10.0	18.0	43.0	88.0	4.0	8.0	20.0	41.0	90.0
PLEK_106_118		1.0	1.0	4.0	9.0	16.0	1.0	1.0	4.0	9.0	18.0	1.0	2.0	7.0	12.0	22.0	1.0	3.0	4.0	6.0	15.0	1.0	4.0	3.0	9.0	13.0	2.0	0.0	5.0	9.0	19.0	2.0	2.0	7.0	16.0	29.0	1.0	2.0	5.0	12.0	25.0
RBL2_632_644		1.0	1.0	9.0	19.0	45.0	2.0	6.0	12.0	23.0	57.0	3.0	8.0	14.0	28.0	72.0	2.0	5.0	14.0	36.0	70.0	1.0	3.0	9.0	23.0	46.0	2.0	4.0	15.0	29.0	66.0	3.0	6.0	14.0	37.0	80.0	3.0	5.0	16.0	34.0	69.0
VIGLN_289_301		145.0	295.0	720.0	1446.0	2800.0	128.0	266.0	661.0	1311.0	2590.0	148.0	297.0	736.0	1491.0	2921.0	179.0	358.0	886.0	1747.0	3477.0	93.0	187.0	480.0	967.0	1870.0	122.0	237.0	605.0	1197.0	2370.0	143.0	285.0	740.0	1473.0	2871.0	135.0	271.0	658.0	1329.0	2617.0
GRIK2_708_720		0.0	-1.0	1.0	-1.0	2.0	0.0	-1.0	-1.0	0.0	0.0	-1.0	-1.0	0.0	-1.0	1.0	0.0	-1.0	-1.0	-2.0	0.0	0.0	0.0	4.0	0.0	3.0	0.0	-1.0	1.0	2.0	-1.0	-1.0	-1.0	0.0	-2.0	-1.0	0.0	0.0	4.0	-2.0	3.0
RADI_559_569		8.0	18.0	45.0	93.0	193.0	12.0	22.0	58.0	113.0	228.0	8.0	16.0	42.0	90.0	173.0	9.0	19.0	48.0	103.0	208.0	8.0	13.0	36.0	74.0	139.0	9.0	19.0	47.0	95.0	190.0	11.0	20.0	51.0	100.0	202.0	10.0	21.0	51.0	101.0	204.0
ACM1_421_433		2.0	7.0	17.0	44.0	92.0	6.0	8.0	29.0	58.0	112.0	5.0	13.0	31.0	64.0	135.0	8.0	12.0	23.0	59.0	129.0	3.0	4.0	17.0	37.0	73.0	4.0	6.0	19.0	36.0	81.0	4.0	11.0	23.0	46.0	127.0	4.0	6.0	25.0	47.0	98.0
ATM_1972_1984		-1.0	1.0	-1.0	1.0	-1.0	0.0	-1.0	-2.0	0.0	0.0	1.0	1.0	-2.0	-2.0	0.0	-1.0	-1.0	0.0	-2.0	-3.0	0.0	-3.0	-2.0	-4.0	0.0	-1.0	-1.0	0.0	-4.0	-5.0	-1.0	0.0	-4.0	-2.0	-6.0	0.0	0.0	-3.0	-2.0	-8.0
CDN1B_151_163		-1.0	0.0	4.0	4.0	13.0	-1.0	-1.0	-2.0	5.0	5.0	-1.0	-2.0	1.0	-1.0	-5.0	-1.0	0.0	-2.0	2.0	-4.0	0.0	0.0	0.0	-3.0	6.0	-2.0	-1.0	-3.0	3.0	9.0	-1.0	-2.0	-1.0	3.0	4.0	-1.0	-1.0	-1.0	-2.0	-2.0
FOXO3_25_37		-3.0	-1.0	-10.0	-20.0	-16.0	-1.0	-2.0	-6.0	-15.0	7.0	1.0	-4.0	3.0	-1.0	-12.0	-4.0	-5.0	-8.0	-15.0	-10.0	-2.0	-1.0	-8.0	-20.0	-50.0	0.0	-5.0	-1.0	-7.0	-9.0	-1.0	-5.0	-8.0	-2.0	-2.0	-2.0	-4.0	-8.0	-7.0	-21.0
IKKB_686_698		282.0	548.0	1369.0	2747.0	3256.0	269.0	539.0	1341.0	2633.0	3349.0	297.0	595.0	1455.0	2854.0	3305.0	355.0	698.0	1747.0	3413.0	3265.0	159.0	325.0	820.0	1566.0	3072.0	213.0	425.0	1096.0	2152.0	3278.0	261.0	537.0	1306.0	2557.0	3274.0	249.0	476.0	1215.0	2345.0	3303.0
LMNA_192_204		0.0	1.0	1.0	6.0	17.0	1.0	1.0	4.0	12.0	22.0	1.0	2.0	1.0	9.0	23.0	1.0	0.0	3.0	9.0	10.0	0.0	2.0	6.0	16.0	18.0	-1.0	0.0	5.0	5.0	15.0	0.0	2.0	2.0	9.0	-15.0	1.0	2.0	6.0	6.0	-201.0
MYC_51_63		1.0	0.0	6.0	12.0	31.0	0.0	1.0	0.0	-2.0	-2.0	1.0	0.0	0.0	-1.0	-4.0	-1.0	-1.0	2.0	-2.0	0.0	0.0	-1.0	0.0	0.0	3.0	-1.0	0.0	0.0	0.0	-6.0	0.0	0.0	0.0	-4.0	-1.0	-2.0	-2.0	-2.0	1.0	-6.0
PP2AB_297_309		0.0	-1.0	0.0	0.0	2.0	0.0	-1.0	-1.0	-2.0	1.0	0.0	0.0	-2.0	-2.0	-2.0	1.0	0.0	-2.0	-1.0	-1.0	0.0	0.0	-2.0	-3.0	-4.0	1.0	-2.0	0.0	-2.0	-5.0	-2.0	1.0	-2.0	2.0	2.0	0.0	-1.0	0.0	-3.0	-4.0
RBL2_655_667		-1.0	-1.0	-3.0	-7.0	-16.0	0.0	-1.0	-3.0	-4.0	-9.0	0.0	-1.0	-1.0	-4.0	-8.0	-2.0	-1.0	-5.0	-7.0	-17.0	-2.0	-1.0	-3.0	-7.0	-21.0	0.0	-2.0	-1.0	-6.0	-15.0	-1.0	-1.0	-2.0	-7.0	-13.0	0.0	-2.0	-4.0	-5.0	-14.0
YAP1_121_133		-1.0	-2.0	3.0	5.0	10.0	1.0	1.0	4.0	7.0	15.0	-1.0	0.0	1.0	6.0	21.0	0.0	-1.0	6.0	7.0	15.0	0.0	-1.0	1.0	1.0	10.0	0.0	3.0	2.0	5.0	18.0	0.0	1.0	3.0	9.0	19.0	0.0	2.0	6.0	5.0	15.0
KAP2_92_104		1.0	2.0	5.0	11.0	22.0	1.0	3.0	7.0	12.0	22.0	2.0	2.0	6.0	12.0	24.0	2.0	4.0	6.0	13.0	24.0	1.0	1.0	5.0	9.0	17.0	1.0	3.0	8.0	14.0	28.0	1.0	2.0	6.0	14.0	34.0	2.0	2.0	8.0	14.0	28.0
RS6_228_240		20.0	39.0	100.0	200.0	401.0	24.0	47.0	119.0	234.0	471.0	23.0	51.0	126.0	255.0	511.0	33.0	67.0	164.0	329.0	659.0	12.0	30.0	74.0	147.0	313.0	27.0	55.0	133.0	278.0	550.0	23.0	54.0	130.0	258.0	519.0	28.0	54.0	141.0	276.0	545.0
ACM1_444_456		0.0	-2.0	0.0	0.0	3.0	-1.0	0.0	0.0	-2.0	-4.0	-1.0	2.0	0.0	4.0	9.0	-1.0	-1.0	-1.0	-2.0	-8.0	0.0	0.0	1.0	-3.0	2.0	1.0	0.0	-2.0	2.0	-6.0	0.0	1.0	2.0	2.0	5.0	-2.0	-2.0	-1.0	-4.0	-6.0
BAD_112_124		38.0	72.0	186.0	373.0	742.0	42.0	86.0	219.0	435.0	878.0	52.0	106.0	275.0	533.0	1057.0	58.0	112.0	272.0	567.0	1107.0	21.0	46.0	124.0	234.0	483.0	31.0	66.0	162.0	326.0	642.0	43.0	85.0	209.0	428.0	865.0	39.0	74.0	184.0	388.0	770.0
CENPA_1_14		336.0	687.0	1679.0	3284.0	3080.0	328.0	629.0	1572.0	3078.0	3241.0	347.0	689.0	1704.0	3327.0	3148.0	352.0	685.0	1705.0	3308.0	3148.0	208.0	418.0	1031.0	2033.0	3020.0	229.0	442.0	1101.0	2170.0	3173.0	268.0	530.0	1317.0	2547.0	3150.0	253.0	496.0	1233.0	2471.0	3265.0
FRAP_2443_2455		654.0	1254.0	3045.0	3314.0	2673.0	598.0	1179.0	2903.0	3415.0	2862.0	558.0	1130.0	2765.0	3440.0	2894.0	653.0	1288.0	3123.0	3340.0	2697.0	402.0	808.0	2062.0	3056.0	2186.0	448.0	878.0	2187.0	3319.0	2834.0	447.0	884.0	2218.0	3417.0	3135.0	541.0	1060.0	2596.0	3393.0	2819.0
K6PL_766_778		0.0	-3.0	-4.0	8.0	0.0	1.0	7.0	2.0	24.0	14.0	1.0	2.0	0.0	36.0	58.0	4.0	5.0	22.0	52.0	91.0	-1.0	-4.0	-2.0	-9.0	6.0	0.0	3.0	-3.0	10.0	40.0	1.0	7.0	14.0	27.0	51.0	2.0	3.0	9.0	-19.0	57.0
LMNB1_16_28		41.0	82.0	204.0	398.0	789.0	43.0	84.0	209.0	422.0	809.0	46.0	89.0	230.0	464.0	912.0	51.0	102.0	251.0	500.0	987.0	25.0	50.0	126.0	250.0	497.0	36.0	69.0	177.0	361.0	721.0	44.0	90.0	220.0	435.0	888.0	43.0	86.0	209.0	421.0	826.0
NEK2_172_184		0.0	-2.0	-1.0	7.0	7.0	-1.0	-2.0	-3.0	-1.0	2.0	-2.0	-1.0	-2.0	-2.0	3.0	-2.0	0.0	-1.0	4.0	14.0	0.0	-1.0	-3.0	-1.0	-3.0	-3.0	-2.0	-1.0	-3.0	-3.0	-2.0	-2.0	0.0	10.0	38.0	-2.0	-2.0	-6.0	-2.0	-4.0
PPR1A_28_40		0.0	1.0	3.0	0.0	0.0	-1.0	0.0	0.0	-3.0	-6.0	1.0	-1.0	2.0	1.0	0.0	0.0	2.0	3.0	1.0	3.0	-1.0	-2.0	-1.0	-6.0	-7.0	-2.0	-3.0	-5.0	-10.0	-14.0	-1.0	2.0	2.0	0.0	4.0	0.0	-2.0	-3.0	-3.0	-10.0
RBL2_959_971		143.0	286.0	691.0	1411.0	2785.0	145.0	286.0	716.0	1425.0	2779.0	166.0	327.0	822.0	1616.0	3228.0	204.0	400.0	1007.0	2010.0	3461.0	98.0	201.0	491.0	1036.0	1991.0	137.0	271.0	684.0	1366.0	2669.0	132.0	264.0	640.0	1300.0	2549.0	134.0	258.0	658.0	1335.0	2580.0
ADRB2_338_350		-1.0	-2.0	-3.0	-5.0	0.0	0.0	0.0	-2.0	-5.0	-7.0	-1.0	-3.0	0.0	-6.0	-3.0	-1.0	-1.0	-3.0	-8.0	-4.0	-1.0	-2.0	0.0	2.0	2.0	-1.0	-3.0	-1.0	-2.0	-6.0	-2.0	-2.0	-2.0	-5.0	-4.0	-2.0	0.0	-1.0	-4.0	-11.0
KCC2G_278_289		3.0	5.0	16.0	32.0	64.0	-1.0	2.0	4.0	7.0	16.0	1.0	3.0	6.0	11.0	23.0	0.0	2.0	6.0	11.0	23.0	6.0	12.0	29.0	61.0	86.0	1.0	2.0	5.0	11.0	21.0	1.0	3.0	7.0	11.0	26.0	1.0	2.0	6.0	12.0	22.0
RYR1_4317_4329		-1.0	0.0	-2.0	-4.0	-4.0	0.0	-1.0	-3.0	-3.0	-6.0	-1.0	-2.0	-1.0	-3.0	-8.0	-2.0	0.0	-2.0	-5.0	-11.0	1.0	-2.0	-2.0	-2.0	-10.0	-1.0	1.0	-3.0	-4.0	-10.0	-2.0	-1.0	-3.0	-2.0	-10.0	-1.0	0.0	-3.0	-5.0	-11.0
ACM4_456_468		0.0	0.0	-1.0	-5.0	-10.0	0.0	-1.0	-1.0	-6.0	-2.0	1.0	0.0	-1.0	-4.0	-6.0	-2.0	-1.0	-4.0	-1.0	3.0	0.0	-2.0	-3.0	-6.0	-2.0	0.0	-1.0	-3.0	-4.0	5.0	0.0	-1.0	0.0	-1.0	-10.0	-1.0	-1.0	-1.0	-8.0	-1.0
BAD_69_81		-3.0	-2.0	-7.0	-19.0	-29.0	-4.0	-6.0	-14.0	-12.0	-35.0	-2.0	-3.0	-12.0	-29.0	-39.0	-4.0	-5.0	-14.0	-41.0	-62.0	-2.0	-2.0	-5.0	-16.0	-41.0	-2.0	-3.0	-9.0	-22.0	-41.0	-4.0	-4.0	-11.0	-28.0	-56.0	-4.0	-4.0	-9.0	-16.0	-40.0
COF1_17_29		217.0	444.0	1084.0	2174.0	3246.0	203.0	398.0	997.0	1999.0	3276.0	205.0	407.0	1014.0	2001.0	3256.0	218.0	449.0	1117.0	2225.0	3230.0	125.0	267.0	641.0	1341.0	2570.0	144.0	287.0	711.0	1419.0	2794.0	171.0	338.0	840.0	1689.0	3266.0	167.0	320.0	805.0	1583.0	3124.0
FRAP_2475_2487		17.0	29.0	79.0	144.0	288.0	20.0	45.0	107.0	216.0	437.0	15.0	42.0	90.0	182.0	379.0	22.0	39.0	105.0	203.0	434.0	8.0	13.0	49.0	86.0	123.0	15.0	40.0	77.0	150.0	354.0	5.0	21.0	73.0	125.0	271.0	14.0	20.0	65.0	139.0	257.0
KAPCG_192_206		1.0	2.0	3.0	9.0	17.0	-1.0	0.0	2.0	1.0	4.0	-1.0	1.0	2.0	4.0	15.0	0.0	1.0	3.0	2.0	15.0	1.0	0.0	-2.0	-4.0	-10.0	-1.0	1.0	1.0	5.0	9.0	0.0	3.0	5.0	8.0	13.0	1.0	3.0	2.0	4.0	9.0
MARCS_152_164		15.0	33.0	92.0	189.0	341.0	19.0	30.0	82.0	170.0	346.0	18.0	39.0	92.0	194.0	404.0	15.0	38.0	103.0	206.0	426.0	14.0	31.0	74.0	164.0	330.0	12.0	29.0	80.0	153.0	307.0	16.0	36.0	85.0	173.0	360.0	15.0	30.0	88.0	175.0	336.0
NEK3_158_170		658.0	1298.0	3160.0	3455.0	2826.0	548.0	1090.0	2650.0	3467.0	2959.0	580.0	1157.0	2844.0	3442.0	2878.0	639.0	1269.0	3086.0	3389.0	2731.0	419.0	869.0	2160.0	3152.0	2503.0	499.0	986.0	2418.0	3285.0	2751.0	528.0	1068.0	2605.0	3455.0	2876.0	520.0	1021.0	2513.0	3403.0	2824.0
PRKDC_2618_2630		-1.0	0.0	3.0	3.0	25.0	-1.0	1.0	3.0	4.0	33.0	0.0	0.0	2.0	11.0	28.0	-1.0	0.0	0.0	4.0	8.0	3.0	4.0	11.0	26.0	34.0	-2.0	-24.0	0.0	11.0	10.0	0.0	-2.0	4.0	5.0	20.0	1.0	-1.0	-1.0	2.0	8.0
REL_260_272		0.0	2.0	3.0	8.0	14.0	1.0	1.0	4.0	10.0	18.0	0.0	2.0	2.0	6.0	20.0	0.0	0.0	1.0	7.0	11.0	0.0	-1.0	2.0	6.0	8.0	0.0	0.0	1.0	10.0	14.0	1.0	3.0	4.0	10.0	16.0	2.0	0.0	6.0	11.0	26.0
ART_025_CXGLRRWSLGGLRRWSL		6.0	13.0	31.0	64.0	128.0	6.0	12.0	32.0	65.0	135.0	8.0	16.0	34.0	73.0	146.0	7.0	13.0	39.0	78.0	163.0	4.0	5.0	19.0	42.0	80.0	7.0	10.0	29.0	60.0	118.0	8.0	15.0	42.0	77.0	159.0	9.0	17.0	42.0	84.0	166.0
KCNA1_438_450		4.0	8.0	16.0	38.0	73.0	4.0	6.0	15.0	32.0	60.0	4.0	8.0	19.0	41.0	82.0	7.0	9.0	24.0	54.0	107.0	3.0	6.0	14.0	35.0	63.0	2.0	6.0	14.0	29.0	58.0	4.0	8.0	20.0	40.0	88.0	5.0	7.0	21.0	47.0	93.0
SCN7A_898_910		42.0	85.0	208.0	423.0	833.0	39.0	76.0	197.0	391.0	784.0	59.0	119.0	300.0	593.0	1197.0	70.0	138.0	345.0	684.0	1366.0	30.0	61.0	159.0	309.0	589.0	38.0	75.0	191.0	379.0	760.0	51.0	103.0	255.0	510.0	1025.0	51.0	101.0	262.0	511.0	1011.0
ACM5_494_506		320.0	643.0	1629.0	3206.0	3222.0	342.0	655.0	1692.0	3223.0	3234.0	372.0	729.0	1823.0	3549.0	3173.0	428.0	835.0	2078.0	3562.0	3062.0	280.0	546.0	1316.0	2613.0	3063.0	319.0	619.0	1522.0	2988.0	3124.0	313.0	620.0	1524.0	2982.0	3058.0	297.0	585.0	1442.0	2867.0	3201.0
BAD_93_105		-2.0	-2.0	-9.0	-23.0	-55.0	-4.0	-8.0	-16.0	-29.0	-55.0	-1.0	-5.0	-16.0	-23.0	-61.0	-4.0	-7.0	-23.0	-43.0	-90.0	-1.0	-2.0	-11.0	-18.0	-27.0	-1.0	-7.0	-16.0	-32.0	-70.0	-3.0	-4.0	-18.0	-40.0	-61.0	-3.0	-5.0	-13.0	-26.0	-67.0
CSF1R_701_713		433.0	848.0	2152.0	3526.0	3045.0	401.0	790.0	1948.0	3559.0	3117.0	375.0	756.0	1879.0	3550.0	3107.0	423.0	841.0	2080.0	3512.0	3121.0	289.0	572.0	1417.0	2728.0	2927.0	325.0	658.0	1592.0	3068.0	3019.0	351.0	709.0	1793.0	3452.0	3040.0	352.0	707.0	1744.0	3559.0	3096.0
GPR6_349_361		-1.0	-3.0	-5.0	-13.0	-23.0	0.0	-2.0	-5.0	-9.0	-17.0	0.0	-2.0	-5.0	-7.0	-15.0	-1.0	-3.0	-6.0	-13.0	-29.0	-1.0	2.0	0.0	-5.0	-22.0	-1.0	-1.0	-4.0	-7.0	-18.0	-1.0	-2.0	-2.0	-9.0	-25.0	0.0	-3.0	-3.0	-5.0	-19.0
KCNA2_442_454		117.0	232.0	593.0	1169.0	2265.0	120.0	237.0	597.0	1186.0	2325.0	135.0	269.0	674.0	1346.0	2624.0	131.0	265.0	661.0	1301.0	2543.0	63.0	127.0	310.0	642.0	1305.0	81.0	174.0	428.0	865.0	1704.0	89.0	181.0	449.0	883.0	1777.0	75.0	143.0	367.0	739.0	1456.0
MARCS_160_172		8.0	16.0	39.0	76.0	151.0	9.0	18.0	45.0	93.0	183.0	13.0	23.0	59.0	121.0	241.0	10.0	17.0	53.0	108.0	209.0	4.0	-27.0	13.0	29.0	38.0	7.0	17.0	45.0	91.0	185.0	10.0	21.0	51.0	102.0	207.0	9.0	17.0	45.0	84.0	170.0
NMDZ1_890_902		2.0	5.0	30.0	43.0	93.0	5.0	11.0	32.0	67.0	126.0	5.0	11.0	36.0	79.0	170.0	5.0	11.0	29.0	73.0	124.0	2.0	5.0	13.0	32.0	80.0	6.0	11.0	35.0	79.0	157.0	5.0	14.0	31.0	67.0	128.0	5.0	8.0	30.0	60.0	123.0
PTK6_436_448		1.0	3.0	9.0	13.0	35.0	0.0	3.0	6.0	18.0	31.0	2.0	3.0	8.0	22.0	39.0	2.0	1.0	6.0	10.0	33.0	0.0	0.0	1.0	2.0	11.0	2.0	2.0	5.0	11.0	12.0	2.0	5.0	9.0	20.0	53.0	2.0	2.0	10.0	20.0	32.0
SRC_413_425		-1.0	0.0	-1.0	9.0	3.0	-1.0	0.0	1.0	-5.0	0.0	0.0	-3.0	-2.0	2.0	6.0	0.0	-1.0	-2.0	0.0	-2.0	-1.0	0.0	1.0	3.0	-12.0	0.0	-3.0	0.0	3.0	7.0	0.0	-1.0	1.0	4.0	-2.0	-1.0	-3.0	-3.0	2.0	8.0
CAC1C_1974_1986		1.0	3.0	7.0	17.0	39.0	1.0	0.0	9.0	21.0	46.0	2.0	4.0	8.0	20.0	49.0	1.0	2.0	7.0	18.0	48.0	0.0	-3.0	6.0	16.0	37.0	2.0	4.0	9.0	18.0	47.0	2.0	4.0	11.0	24.0	59.0	3.0	4.0	12.0	25.0	58.0
KPB1_1011_1023		13.0	26.0	68.0	134.0	261.0	14.0	29.0	71.0	139.0	281.0	17.0	29.0	76.0	159.0	324.0	18.0	37.0	96.0	201.0	393.0	9.0	16.0	46.0	80.0	186.0	12.0	25.0	63.0	132.0	272.0	14.0	29.0	76.0	158.0	314.0	14.0	32.0	78.0	157.0	317.0
SRC8_CHICK_423_435		2.0	2.0	4.0	5.0	19.0	1.0	2.0	7.0	12.0	27.0	2.0	2.0	5.0	10.0	33.0	1.0	1.0	5.0	14.0	23.0	0.0	0.0	1.0	2.0	16.0	1.0	3.0	4.0	7.0	-262.0	0.0	4.0	5.0	10.0	21.0	0.0	4.0	10.0	17.0	36.0
ACM5_498_510		123.0	247.0	607.0	1252.0	2419.0	139.0	272.0	681.0	1353.0	2670.0	151.0	302.0	764.0	1534.0	2875.0	163.0	318.0	789.0	1590.0	3193.0	125.0	241.0	605.0	1186.0	2394.0	126.0	248.0	610.0	1219.0	2431.0	125.0	257.0	629.0	1240.0	2461.0	116.0	228.0	564.0	1163.0	2244.0
BCKD_45_57		286.0	580.0	1428.0	2842.0	3240.0	276.0	543.0	1358.0	2630.0	3270.0	304.0	625.0	1482.0	2922.0	3224.0	323.0	636.0	1594.0	3165.0	3163.0	252.0	498.0	1252.0	2407.0	3157.0	254.0	502.0	1284.0	2493.0	3222.0	265.0	519.0	1307.0	2525.0	3145.0	260.0	513.0	1294.0	2505.0	3257.0
CSK21_355_367		0.0	7.0	16.0	43.0	20.0	2.0	8.0	11.0	-802.0	47.0	1.0	2.0	16.0	10.0	70.0	4.0	-1.0	8.0	6.0	11.0	1.0	2.0	5.0	-5.0	8.0	1.0	1.0	11.0	13.0	73.0	1.0	0.0	8.0	25.0	-18.0	3.0	8.0	-3.0	25.0	58.0
GPSM2_394_406		-4.0	-2.0	-7.0	-18.0	-40.0	-3.0	-7.0	-10.0	-18.0	-38.0	-2.0	-3.0	-10.0	-24.0	-42.0	-2.0	-3.0	-8.0	-17.0	-41.0	-2.0	-2.0	-4.0	-15.0	-24.0	-2.0	-3.0	-9.0	-20.0	-27.0	-1.0	-4.0	-9.0	-21.0	-31.0	-2.0	-5.0	-4.0	-21.0	-35.0
KCNA3_461_473		184.0	374.0	914.0	1811.0	3440.0	200.0	396.0	989.0	1956.0	3404.0	167.0	329.0	834.0	1577.0	3150.0	162.0	320.0	793.0	1599.0	2988.0	140.0	278.0	706.0	1390.0	2701.0	153.0	303.0	756.0	1504.0	3001.0	143.0	281.0	700.0	1400.0	2739.0	157.0	313.0	777.0	1544.0	2978.0
MBP_222_234		104.0	208.0	516.0	1043.0	2059.0	88.0	184.0	458.0	898.0	1750.0	112.0	228.0	569.0	1126.0	2249.0	121.0	240.0	604.0	1200.0	2390.0	59.0	127.0	322.0	652.0	1288.0	75.0	151.0	379.0	755.0	1519.0	92.0	185.0	438.0	878.0	1748.0	88.0	172.0	427.0	888.0	1732.0
NOS3_1171_1183		13.0	27.0	66.0	129.0	256.0	13.0	24.0	59.0	118.0	246.0	15.0	31.0	82.0	160.0	328.0	17.0	35.0	86.0	168.0	345.0	6.0	18.0	48.0	82.0	176.0	10.0	19.0	51.0	108.0	223.0	14.0	24.0	67.0	135.0	271.0	13.0	25.0	63.0	125.0	252.0
RAB1A_187_199		4.0	8.0	28.0	65.0	143.0	5.0	10.0	29.0	59.0	113.0	6.0	18.0	40.0	86.0	170.0	7.0	16.0	45.0	95.0	201.0	7.0	12.0	40.0	77.0	163.0	6.0	9.0	27.0	55.0	114.0	5.0	12.0	37.0	74.0	159.0	8.0	11.0	27.0	70.0	144.0
STK6_283_295		643.0	1281.0	3110.0	3407.0	2848.0	524.0	1038.0	2540.0	3481.0	2955.0	585.0	1164.0	2860.0	3441.0	2930.0	663.0	1296.0	3146.0	3337.0	2758.0	406.0	813.0	2081.0	3151.0	2348.0	458.0	903.0	2283.0	3428.0	2899.0	523.0	1046.0	2539.0	3442.0	2883.0	519.0	1036.0	2559.0	3441.0	3062.0
CFTR_730_742		0.0	-2.0	5.0	12.0	18.0	0.0	0.0	4.0	15.0	26.0	-2.0	2.0	3.0	13.0	15.0	-1.0	2.0	2.0	11.0	14.0	0.0	6.0	16.0	38.0	94.0	-1.0	1.0	4.0	13.0	32.0	1.0	2.0	5.0	13.0	11.0	1.0	0.0	5.0	8.0	30.0
MYPC3_268_280		0.0	0.0	-1.0	-1.0	-1.0	-1.0	-1.0	0.0	-4.0	-3.0	0.0	0.0	-2.0	-4.0	-3.0	0.0	-2.0	-6.0	-9.0	-10.0	0.0	1.0	5.0	9.0	32.0	-1.0	-1.0	-1.0	1.0	-6.0	-1.0	-2.0	-5.0	-8.0	-14.0	-2.0	-2.0	-4.0	-6.0	-13.0
VASP_271_283		270.0	523.0	1294.0	2552.0	3389.0	245.0	493.0	1213.0	2406.0	3484.0	301.0	608.0	1516.0	2970.0	3396.0	308.0	610.0	1535.0	2992.0	3325.0	192.0	392.0	958.0	1907.0	3251.0	215.0	435.0	1075.0	2103.0	3431.0	284.0	562.0	1405.0	2778.0	3402.0	264.0	517.0	1293.0	2567.0	3402.0
ADDB_696_708		44.0	92.0	227.0	463.0	947.0	56.0	108.0	277.0	555.0	1105.0	60.0	123.0	300.0	610.0	1196.0	58.0	123.0	294.0	613.0	1174.0	33.0	65.0	154.0	332.0	630.0	49.0	94.0	239.0	476.0	955.0	38.0	73.0	191.0	378.0	751.0	33.0	70.0	164.0	338.0	670.0
BRCA1_1451_1463		0.0	2.0	5.0	13.0	28.0	-1.0	2.0	3.0	11.0	37.0	-1.0	1.0	3.0	14.0	29.0	-1.0	3.0	7.0	8.0	6.0	1.0	1.0	9.0	8.0	14.0	1.0	3.0	3.0	16.0	18.0	1.0	0.0	6.0	10.0	28.0	2.0	0.0	3.0	8.0	22.0
DCX_49_61		-1.0	1.0	1.0	1.0	9.0	0.0	-1.0	0.0	0.0	3.0	0.0	-1.0	-2.0	-1.0	0.0	-1.0	-1.0	1.0	2.0	3.0	-1.0	-1.0	-1.0	3.0	3.0	0.0	0.0	0.0	4.0	4.0	-1.0	-1.0	-1.0	1.0	1.0	2.0	0.0	0.0	-1.0	4.0
GSUB_61_73		-1.0	-2.0	-4.0	-4.0	-11.0	-2.0	-3.0	-2.0	-6.0	-12.0	-1.0	-2.0	0.0	-1.0	-9.0	-2.0	-2.0	-1.0	-3.0	-2.0	0.0	-2.0	-1.0	-12.0	-7.0	-1.0	-2.0	-3.0	-6.0	-13.0	-2.0	-1.0	0.0	-5.0	-4.0	1.0	-1.0	-1.0	-10.0	-8.0
KCNB1_489_501		-2.0	-4.0	-11.0	-19.0	-39.0	-2.0	-4.0	-10.0	-18.0	-29.0	-4.0	-5.0	-10.0	-19.0	-44.0	-4.0	-3.0	-8.0	-20.0	-39.0	-4.0	-5.0	-13.0	-31.0	-55.0	-2.0	-8.0	-13.0	-22.0	-52.0	-2.0	-5.0	-9.0	-22.0	-39.0	-1.0	-3.0	-11.0	-22.0	-48.0
MK10_214_226		0.0	-1.0	2.0	3.0	3.0	0.0	0.0	3.0	18.0	26.0	1.0	1.0	3.0	10.0	15.0	1.0	1.0	0.0	1.0	3.0	-2.0	-1.0	-3.0	-5.0	-12.0	1.0	-1.0	2.0	2.0	11.0	1.0	1.0	4.0	7.0	38.0	0.0	1.0	5.0	9.0	20.0
NR4A1_344_356		1.0	2.0	5.0	11.0	4.0	1.0	2.0	3.0	10.0	28.0	2.0	1.0	6.0	10.0	25.0	1.0	1.0	4.0	4.0	18.0	-2.0	1.0	3.0	8.0	7.0	1.0	2.0	3.0	8.0	18.0	0.0	2.0	9.0	13.0	30.0	0.0	-1.0	3.0	15.0	25.0
RAF1_253_265		1.0	1.0	1.0	7.0	23.0	-2.0	1.0	1.0	4.0	15.0	0.0	0.0	4.0	6.0	9.0	0.0	-1.0	2.0	7.0	17.0	-1.0	0.0	0.0	2.0	11.0	0.0	-1.0	0.0	4.0	11.0	0.0	-1.0	4.0	12.0	20.0	0.0	1.0	4.0	8.0	18.0
STMN2_90_102		-1.0	-3.0	3.0	-6.0	21.0	3.0	-4.0	0.0	0.0	10.0	-4.0	2.0	0.0	3.0	13.0	-3.0	0.0	7.0	25.0	6.0	-1.0	-3.0	3.0	-16.0	4.0	-1.0	0.0	6.0	18.0	44.0	-4.0	-1.0	3.0	19.0	48.0	1.0	8.0	22.0	48.0	63.0
CGHB_109_121		0.0	-1.0	-1.0	4.0	4.0	0.0	-1.0	-1.0	0.0	-3.0	-1.0	0.0	-1.0	-2.0	4.0	0.0	-1.0	-1.0	-5.0	-2.0	-2.0	0.0	1.0	-2.0	-1.0	-2.0	0.0	-1.0	3.0	3.0	0.0	-2.0	-3.0	-1.0	-2.0	0.0	0.0	0.0	1.0	2.0
NCF1_296_308		-1.0	-1.0	-4.0	-6.0	-11.0	-1.0	-1.0	-2.0	-5.0	-13.0	0.0	0.0	-2.0	-3.0	-13.0	0.0	-3.0	-3.0	-6.0	-13.0	-1.0	-1.0	-2.0	-7.0	-19.0	-2.0	-2.0	-4.0	-5.0	-12.0	0.0	-1.0	-3.0	-6.0	-11.0	-1.0	-1.0	-2.0	-7.0	-10.0
VTNC_390_402		1.0	-1.0	4.0	9.0	6.0	0.0	0.0	5.0	7.0	12.0	-1.0	1.0	1.0	6.0	13.0	-1.0	-1.0	1.0	6.0	1.0	-2.0	-2.0	-2.0	-1.0	-6.0	1.0	-2.0	-2.0	0.0	-21.0	-1.0	0.0	2.0	2.0	-1.0	0.0	-1.0	1.0	4.0	4.0
ADDB_706_718		1.0	1.0	1.0	1.0	0.0	-2.0	0.0	-2.0	0.0	-3.0	0.0	-1.0	-2.0	2.0	-3.0	-1.0	-1.0	-1.0	0.0	0.0	-1.0	-1.0	-2.0	-2.0	5.0	-2.0	-1.0	-2.0	0.0	-7.0	-1.0	-2.0	0.0	-5.0	-7.0	0.0	-2.0	-2.0	-3.0	-8.0
C1R_201_213		0.0	3.0	7.0	14.0	44.0	2.0	1.0	7.0	16.0	42.0	1.0	3.0	10.0	18.0	52.0	2.0	3.0	9.0	16.0	49.0	1.0	0.0	5.0	8.0	19.0	1.0	2.0	7.0	15.0	38.0	2.0	3.0	7.0	16.0	39.0	1.0	2.0	7.0	14.0	41.0
ELK1_356_368		1.0	0.0	1.0	2.0	3.0	0.0	0.0	-1.0	-2.0	-2.0	0.0	-2.0	0.0	-1.0	-1.0	0.0	-2.0	0.0	-4.0	-5.0	1.0	-2.0	0.0	-7.0	-9.0	0.0	0.0	-2.0	-2.0	-4.0	-1.0	-1.0	-1.0	-3.0	-4.0	-1.0	0.0	-2.0	-4.0	-3.0
GYS2_1_13		-1.0	2.0	1.0	15.0	32.0	-1.0	1.0	9.0	13.0	25.0	-3.0	-2.0	2.0	13.0	13.0	-2.0	-2.0	3.0	12.0	21.0	1.0	4.0	8.0	24.0	45.0	0.0	0.0	8.0	15.0	39.0	-1.0	1.0	7.0	13.0	22.0	-1.0	1.0	7.0	11.0	21.0
KIF11_919_931		548.0	1099.0	2676.0	3501.0	3018.0	486.0	951.0	2345.0	3560.0	3013.0	486.0	925.0	2355.0	3543.0	3109.0	558.0	1118.0	2693.0	3452.0	2906.0	379.0	731.0	1886.0	3288.0	2435.0	445.0	872.0	2155.0	3480.0	2862.0	450.0	869.0	2129.0	3485.0	2993.0	472.0	948.0	2320.0	3504.0	2997.0
MP2K1_281_293		343.0	668.0	1627.0	3254.0	3074.0	270.0	543.0	1336.0	2637.0	3198.0	277.0	556.0	1362.0	2676.0	3134.0	301.0	584.0	1466.0	2830.0	3089.0	210.0	420.0	1056.0	2136.0	2841.0	250.0	480.0	1193.0	2389.0	3124.0	259.0	513.0	1262.0	2523.0	3184.0	234.0	465.0	1168.0	2280.0	3214.0
NTRK3_824_836		230.0	453.0	1125.0	2219.0	3264.0	222.0	439.0	1105.0	2192.0	3305.0	247.0	495.0	1225.0	2449.0	3228.0	271.0	543.0	1356.0	2678.0	3182.0	163.0	321.0	807.0	1589.0	3060.0	198.0	390.0	997.0	1962.0	3207.0	232.0	447.0	1089.0	2166.0	3244.0	204.0	407.0	1027.0	2042.0	3307.0
RAP1B_172_184		0.0	1.0	7.0	14.0	31.0	1.0	5.0	9.0	20.0	28.0	0.0	4.0	6.0	18.0	38.0	0.0	2.0	10.0	18.0	41.0	1.0	3.0	6.0	24.0	42.0	2.0	3.0	7.0	23.0	34.0	3.0	1.0	10.0	17.0	40.0	0.0	2.0	9.0	21.0	28.0
TAU_524_536		2.0	3.0	6.0	17.0	35.0	1.0	4.0	5.0	11.0	37.0	1.0	2.0	8.0	19.0	40.0	1.0	3.0	5.0	11.0	35.0	1.0	1.0	1.0	6.0	24.0	1.0	1.0	6.0	12.0	39.0	0.0	2.0	8.0	11.0	45.0	2.0	3.0	6.0	14.0	34.0
CREB1_126_138		3.0	7.0	19.0	35.0	69.0	2.0	5.0	22.0	33.0	65.0	4.0	6.0	16.0	41.0	88.0	2.0	7.0	16.0	52.0	64.0	2.0	6.0	17.0	36.0	71.0	3.0	10.0	24.0	44.0	88.0	-6.0	8.0	22.0	56.0	94.0	3.0	11.0	25.0	51.0	118.0
NCF1_321_333		93.0	192.0	480.0	955.0	1887.0	88.0	171.0	423.0	846.0	1716.0	92.0	192.0	478.0	952.0	1871.0	117.0	231.0	575.0	1148.0	2290.0	71.0	151.0	376.0	755.0	1490.0	70.0	153.0	371.0	737.0	1465.0	98.0	196.0	481.0	982.0	1920.0	90.0	182.0	457.0	907.0	1803.0
CFTR_761_773		89.0	175.0	443.0	878.0	1753.0	72.0	145.0	367.0	728.0	1461.0	98.0	197.0	485.0	977.0	1947.0	119.0	237.0	587.0	1171.0	2259.0	53.0	120.0	306.0	579.0	1168.0	80.0	163.0	397.0	792.0	1559.0	95.0	189.0	484.0	961.0	1934.0	79.0	163.0	405.0	805.0	1608.0
AKT1_301_313		0.0	0.0	4.0	13.0	45.0	0.0	3.0	6.0	20.0	34.0	0.0	5.0	10.0	19.0	55.0	0.0	2.0	5.0	11.0	42.0	-1.0	0.0	2.0	8.0	13.0	1.0	1.0	6.0	9.0	25.0	2.0	3.0	5.0	18.0	55.0	1.0	2.0	5.0	16.0	32.0
CA2D1_494_506		0.0	-1.0	1.0	0.0	-2.0	0.0	0.0	0.0	-2.0	1.0	1.0	0.0	-2.0	-4.0	-3.0	1.0	0.0	-1.0	-2.0	2.0	0.0	-1.0	-1.0	0.0	-1.0	0.0	-1.0	0.0	-1.0	-4.0	0.0	1.0	1.0	1.0	-3.0	0.0	0.0	0.0	-2.0	0.0
ELK1_410_422		1.0	10.0	17.0	45.0	91.0	6.0	9.0	28.0	62.0	122.0	3.0	7.0	32.0	61.0	126.0	4.0	13.0	23.0	57.0	111.0	3.0	8.0	17.0	43.0	86.0	6.0	9.0	29.0	54.0	105.0	4.0	12.0	29.0	61.0	128.0	4.0	11.0	27.0	54.0	102.0
H2B1B_ 27_40		0.0	-1.0	-1.0	5.0	3.0	-2.0	1.0	2.0	2.0	3.0	-1.0	0.0	1.0	3.0	9.0	-1.0	-1.0	1.0	4.0	8.0	-2.0	0.0	0.0	4.0	7.0	-2.0	-1.0	1.0	2.0	11.0	-1.0	1.0	2.0	2.0	4.0	-3.0	-1.0	0.0	5.0	7.0
KIF2C_105_118_S106G		-4.0	-1.0	-5.0	-9.0	-8.0	-3.0	-1.0	-4.0	4.0	-13.0	-1.0	-4.0	0.0	-3.0	9.0	-2.0	1.0	4.0	4.0	0.0	-4.0	-3.0	5.0	-3.0	39.0	-1.0	-1.0	5.0	13.0	38.0	-2.0	-1.0	-5.0	0.0	-2.0	-4.0	0.0	1.0	11.0	0.0
MP2K1_287_299		-1.0	-3.0	18.0	-23.0	-46.0	1.0	4.0	-1.0	5.0	-2.0	0.0	2.0	-2.0	1.0	-15.0	-1.0	-4.0	-7.0	-16.0	2.0	-1.0	3.0	-21.0	-37.0	-60.0	7.0	9.0	5.0	12.0	1.0	2.0	4.0	3.0	4.0	102.0	1.0	4.0	5.0	37.0	86.0
P53_12_24		259.0	517.0	1276.0	2536.0	3300.0	186.0	373.0	926.0	1822.0	3384.0	217.0	449.0	1106.0	2182.0	3335.0	239.0	459.0	1160.0	2289.0	3285.0	153.0	294.0	748.0	1474.0	2911.0	165.0	331.0	812.0	1605.0	3169.0	188.0	364.0	920.0	1818.0	3367.0	163.0	322.0	819.0	1621.0	3192.0
RB_242_254		39.0	76.0	193.0	389.0	779.0	42.0	85.0	220.0	431.0	879.0	48.0	95.0	237.0	458.0	901.0	45.0	89.0	232.0	447.0	878.0	29.0	43.0	149.0	293.0	571.0	45.0	91.0	233.0	463.0	924.0	41.0	82.0	207.0	400.0	810.0	38.0	77.0	192.0	374.0	759.0
TLE2_246_258		63.0	125.0	323.0	633.0	1289.0	59.0	123.0	307.0	612.0	1212.0	71.0	149.0	372.0	737.0	1460.0	76.0	155.0	385.0	788.0	1604.0	41.0	80.0	211.0	418.0	816.0	49.0	97.0	250.0	501.0	1005.0	69.0	140.0	354.0	704.0	1384.0	63.0	128.0	321.0	627.0	1271.0
DESP_2842_2854		438.0	864.0	2136.0	3553.0	3150.0	381.0	773.0	1913.0	3614.0	3222.0	461.0	898.0	2247.0	3545.0	3116.0	485.0	933.0	2333.0	3503.0	2984.0	272.0	567.0	1407.0	2751.0	2837.0	348.0	698.0	1752.0	3453.0	3113.0	444.0	899.0	2174.0	3531.0	3074.0	426.0	826.0	2055.0	3572.0	3121.0
NFKB1_330_342		7.0	16.0	38.0	75.0	145.0	11.0	22.0	49.0	100.0	184.0	7.0	17.0	41.0	83.0	158.0	6.0	13.0	34.0	79.0	141.0	8.0	13.0	42.0	84.0	160.0	7.0	17.0	41.0	86.0	177.0	10.0	13.0	48.0	108.0	205.0	9.0	8.0	45.0	97.0	197.0
F263_454_466		68.0	130.0	319.0	633.0	1293.0	59.0	118.0	295.0	584.0	1174.0	82.0	163.0	412.0	832.0	1641.0	92.0	179.0	451.0	888.0	1748.0	48.0	95.0	234.0	473.0	934.0	56.0	111.0	280.0	557.0	1114.0	83.0	162.0	400.0	816.0	1613.0	77.0	155.0	391.0	781.0	1542.0
ANDR_785_797		289.0	573.0	1456.0	2879.0	3358.0	322.0	636.0	1561.0	3109.0	3335.0	314.0	614.0	1529.0	3031.0	3273.0	390.0	756.0	1893.0	3582.0	3199.0	244.0	472.0	1181.0	2323.0	3333.0	287.0	574.0	1410.0	2795.0	3298.0	239.0	471.0	1199.0	2376.0	3292.0	233.0	468.0	1157.0	2296.0	3405.0
CD27_212_224		124.0	246.0	625.0	1231.0	2433.0	109.0	225.0	555.0	1108.0	2156.0	129.0	263.0	657.0	1318.0	2594.0	140.0	284.0	704.0	1397.0	2752.0	91.0	181.0	461.0	905.0	1833.0	98.0	191.0	475.0	948.0	1862.0	123.0	239.0	591.0	1177.0	2355.0	105.0	206.0	507.0	1031.0	2037.0
ERBB2_679_691		32.0	64.0	164.0	333.0	644.0	35.0	69.0	180.0	363.0	719.0	36.0	71.0	184.0	371.0	720.0	32.0	66.0	165.0	333.0	676.0	22.0	46.0	118.0	249.0	486.0	31.0	57.0	150.0	299.0	600.0	35.0	71.0	179.0	353.0	703.0	33.0	68.0	167.0	330.0	654.0
H32_3_18		0.0	-1.0	1.0	-1.0	2.0	1.0	0.0	1.0	-1.0	-1.0	0.0	0.0	2.0	0.0	-3.0	0.0	0.0	1.0	1.0	4.0	-1.0	0.0	-2.0	-2.0	-2.0	-1.0	1.0	-2.0	-2.0	-3.0	0.0	1.0	-3.0	-2.0	-4.0	-1.0	1.0	-2.0	-5.0	-6.0
KPCB_19_31_A25S		10.0	19.0	50.0	102.0	197.0	12.0	23.0	62.0	125.0	260.0	14.0	25.0	62.0	131.0	247.0	10.0	17.0	49.0	99.0	200.0	8.0	14.0	38.0	79.0	151.0	13.0	23.0	56.0	120.0	241.0	16.0	28.0	77.0	153.0	311.0	14.0	28.0	71.0	145.0	282.0
MPH6_140_152		11.0	25.0	49.0	130.0	219.0	9.0	20.0	52.0	102.0	205.0	16.0	29.0	77.0	147.0	304.0	12.0	23.0	52.0	115.0	217.0	6.0	13.0	32.0	68.0	132.0	9.0	19.0	53.0	101.0	206.0	16.0	32.0	73.0	148.0	312.0	9.0	20.0	55.0	82.0	194.0
P53_308_323		7.0	15.0	33.0	72.0	126.0	5.0	9.0	29.0	58.0	117.0	8.0	14.0	43.0	84.0	164.0	6.0	12.0	38.0	67.0	137.0	1.0	7.0	15.0	37.0	79.0	2.0	9.0	24.0	62.0	108.0	7.0	15.0	38.0	77.0	170.0	5.0	12.0	32.0	66.0	126.0
RB_350_362		-1.0	-1.0	-2.0	-7.0	-3.0	0.0	0.0	-2.0	-8.0	-5.0	1.0	0.0	1.0	-3.0	-7.0	-2.0	0.0	-1.0	-4.0	-13.0	-2.0	-2.0	-6.0	-15.0	-32.0	-1.0	-1.0	-4.0	-3.0	-13.0	0.0	0.0	-3.0	-2.0	-6.0	-1.0	-2.0	0.0	1.0	-7.0
TOP2A_1463_1475		-2.0	2.0	-1.0	2.0	5.0	0.0	0.0	3.0	6.0	19.0	0.0	2.0	4.0	9.0	27.0	1.0	-1.0	3.0	2.0	3.0	-3.0	-2.0	0.0	-1.0	1.0	1.0	0.0	2.0	9.0	5.0	0.0	2.0	6.0	15.0	34.0	0.0	2.0	5.0	12.0	24.0
E1A_ADE05_212_224		-3.0	-2.0	-2.0	4.0	-3.0	-1.0	-2.0	-3.0	-5.0	-5.0	-1.0	-5.0	-3.0	-4.0	11.0	0.0	-8.0	-4.0	-7.0	12.0	-1.0	-5.0	-5.0	-2.0	-18.0	-2.0	-4.0	-4.0	-7.0	-18.0	-1.0	-2.0	-7.0	-5.0	4.0	-3.0	-3.0	-1.0	4.0	7.0
PLM_76_88		0.0	-2.0	-4.0	-2.0	1.0	-1.0	-3.0	0.0	-3.0	0.0	-1.0	-3.0	-3.0	0.0	-3.0	-1.0	-1.0	-2.0	-3.0	0.0	0.0	-1.0	-2.0	-4.0	-4.0	0.0	0.0	1.0	0.0	2.0	1.0	0.0	-1.0	3.0	5.0	-1.0	0.0	-1.0	-2.0	-2.0
KAP3_107_119		2.0	5.0	14.0	27.0	55.0	2.0	5.0	12.0	27.0	54.0	5.0	8.0	23.0	39.0	80.0	3.0	7.0	18.0	39.0	80.0	3.0	3.0	6.0	19.0	39.0	4.0	7.0	13.0	29.0	57.0	5.0	10.0	17.0	41.0	85.0	2.0	5.0	19.0	37.0	76.0
ANXA1_209_221		2.0	2.0	11.0	26.0	47.0	2.0	6.0	14.0	28.0	48.0	3.0	2.0	10.0	26.0	61.0	1.0	4.0	14.0	29.0	57.0	0.0	2.0	5.0	13.0	34.0	-1.0	4.0	8.0	25.0	41.0	1.0	4.0	12.0	28.0	66.0	2.0	3.0	12.0	31.0	66.0
CDC2_154_169		-1.0	-2.0	-5.0	-12.0	-12.0	-1.0	0.0	-5.0	-8.0	-18.0	-1.0	-3.0	-7.0	-7.0	-17.0	-1.0	-2.0	-6.0	-3.0	-7.0	0.0	-2.0	-4.0	-3.0	-5.0	-1.0	-1.0	-3.0	-8.0	-8.0	-2.0	-2.0	-3.0	-11.0	-14.0	0.0	-2.0	-4.0	-5.0	-12.0
ERF_519_531		4.0	7.0	16.0	31.0	70.0	2.0	5.0	13.0	36.0	64.0	4.0	6.0	17.0	33.0	75.0	2.0	4.0	17.0	32.0	68.0	3.0	5.0	14.0	23.0	55.0	0.0	6.0	13.0	29.0	55.0	3.0	6.0	15.0	34.0	67.0	3.0	6.0	12.0	25.0	59.0
IF4E_203_215		0.0	0.0	-2.0	-3.0	1.0	0.0	0.0	-2.0	-1.0	-5.0	1.0	-1.0	-3.0	-2.0	-4.0	-2.0	0.0	-1.0	-3.0	-6.0	0.0	-2.0	1.0	0.0	-5.0	0.0	-1.0	0.0	-2.0	0.0	-1.0	-2.0	-2.0	-1.0	0.0	0.0	-1.0	-4.0	-8.0	-13.0
KPCB_626_639		31.0	60.0	150.0	306.0	629.0	28.0	54.0	139.0	272.0	543.0	34.0	69.0	180.0	359.0	716.0	32.0	70.0	184.0	350.0	731.0	23.0	46.0	119.0	231.0	469.0	28.0	52.0	135.0	276.0	555.0	35.0	69.0	171.0	360.0	693.0	28.0	60.0	139.0	296.0	595.0
MPIP1_172_184		357.0	718.0	1786.0	3506.0	3245.0	315.0	630.0	1586.0	3154.0	3256.0	359.0	703.0	1743.0	3419.0	3171.0	377.0	766.0	1852.0	3536.0	3083.0	208.0	439.0	1070.0	2083.0	2994.0	310.0	621.0	1551.0	3035.0	3222.0	338.0	653.0	1609.0	3214.0	3232.0	308.0	623.0	1551.0	2956.0	3273.0
PDE5A_95_107		99.0	192.0	482.0	979.0	1932.0	96.0	193.0	478.0	966.0	1893.0	94.0	195.0	481.0	962.0	1871.0	117.0	237.0	590.0	1182.0	2319.0	64.0	134.0	321.0	649.0	1288.0	97.0	186.0	469.0	952.0	1880.0	95.0	189.0	469.0	937.0	1843.0	83.0	163.0	407.0	820.0	1647.0
RB_774_786		238.0	460.0	1154.0	2270.0	3414.0	180.0	355.0	893.0	1752.0	3473.0	232.0	447.0	1143.0	2249.0	3404.0	249.0	495.0	1204.0	2406.0	3325.0	125.0	251.0	635.0	1286.0	2489.0	185.0	368.0	899.0	1778.0	3414.0	213.0	423.0	1084.0	2129.0	3401.0	184.0	379.0	937.0	1882.0	3429.0
VASP_150_162		-2.0	-1.0	-4.0	-1.0	-14.0	1.0	-2.0	-2.0	-4.0	-2.0	-2.0	0.0	-4.0	-5.0	-14.0	-1.0	-2.0	-1.0	-7.0	-12.0	2.0	2.0	8.0	10.0	32.0	1.0	-1.0	-2.0	-4.0	0.0	0.0	-3.0	-2.0	-11.0	-14.0	-1.0	-1.0	-2.0	-6.0	-5.0
EPB42_241_253		0.0	-2.0	-5.0	-7.0	-7.0	0.0	-2.0	-4.0	-5.0	-10.0	-1.0	-2.0	-3.0	-6.0	-9.0	-3.0	-3.0	-3.0	-10.0	-9.0	-1.0	0.0	-4.0	-4.0	-2.0	0.0	-1.0	-4.0	-7.0	-9.0	-1.0	-3.0	-3.0	-3.0	-15.0	-1.0	-4.0	-5.0	-10.0	-11.0
PTN12_32_44		17.0	38.0	98.0	189.0	386.0	19.0	37.0	95.0	184.0	375.0	20.0	42.0	112.0	226.0	441.0	24.0	48.0	125.0	251.0	505.0	13.0	22.0	61.0	121.0	257.0	15.0	32.0	81.0	167.0	330.0	24.0	43.0	117.0	232.0	465.0	23.0	44.0	114.0	223.0	441.0
KCNA6_504_516		18.0	35.0	92.0	188.0	366.0	10.0	21.0	61.0	124.0	244.0	16.0	35.0	93.0	193.0	393.0	17.0	41.0	110.0	212.0	425.0	14.0	26.0	62.0	129.0	264.0	12.0	22.0	61.0	122.0	253.0	21.0	38.0	98.0	190.0	389.0	15.0	30.0	78.0	156.0	316.0
pVASP_150_164		41.0	85.0	214.0	422.0	848.0	50.0	99.0	250.0	498.0	999.0	42.0	87.0	216.0	430.0	879.0	33.0	71.0	184.0	371.0	720.0	43.0	94.0	227.0	461.0	924.0	41.0	82.0	204.0	413.0	821.0	40.0	79.0	205.0	417.0	824.0	39.0	81.0	197.0	401.0	794.0
CDK7_163_175		5.0	8.0	20.0	38.0	78.0	3.0	8.0	20.0	43.0	86.0	5.0	10.0	25.0	51.0	104.0	4.0	6.0	20.0	40.0	83.0	3.0	5.0	16.0	32.0	59.0	3.0	8.0	18.0	37.0	71.0	3.0	6.0	22.0	44.0	84.0	3.0	7.0	17.0	36.0	70.0
ESR1_160_172		0.0	-1.0	-3.0	-6.0	-6.0	-1.0	-1.0	-2.0	-4.0	-4.0	0.0	-2.0	-2.0	-4.0	-7.0	-1.0	-1.0	-1.0	-2.0	1.0	0.0	-1.0	-3.0	-3.0	-7.0	1.0	0.0	-2.0	-3.0	-5.0	0.0	1.0	-2.0	-5.0	-10.0	-2.0	-1.0	-2.0	-1.0	-6.0
IKBA_26_38		2.0	5.0	14.0	29.0	67.0	2.0	6.0	16.0	33.0	69.0	3.0	7.0	12.0	35.0	67.0	1.0	2.0	8.0	11.0	10.0	3.0	3.0	12.0	29.0	58.0	2.0	6.0	17.0	30.0	71.0	1.0	7.0	14.0	35.0	83.0	2.0	2.0	14.0	24.0	54.0
KS6A1_374_386		268.0	535.0	1313.0	2612.0	3384.0	228.0	467.0	1172.0	2334.0	3414.0	278.0	553.0	1378.0	2686.0	3327.0	275.0	541.0	1334.0	2714.0	3329.0	186.0	372.0	923.0	1835.0	3240.0	212.0	418.0	1061.0	2099.0	3380.0	263.0	516.0	1295.0	2550.0	3360.0	221.0	436.0	1095.0	2209.0	3417.0
MPIP3_208_220		119.0	242.0	586.0	1203.0	2349.0	93.0	185.0	463.0	918.0	1832.0	120.0	242.0	607.0	1224.0	2411.0	117.0	227.0	570.0	1142.0	2279.0	67.0	135.0	331.0	673.0	1323.0	86.0	178.0	442.0	875.0	1729.0	112.0	224.0	575.0	1145.0	2265.0	88.0	173.0	437.0	888.0	1770.0
PDPK1_27_39		-1.0	-2.0	-6.0	-8.0	-20.0	1.0	-1.0	-5.0	-4.0	-16.0	-1.0	-1.0	-3.0	-13.0	-19.0	0.0	-2.0	-6.0	-9.0	-18.0	-1.0	-3.0	-2.0	-9.0	-17.0	-2.0	-2.0	-3.0	-6.0	-17.0	-1.0	-1.0	-2.0	-5.0	-16.0	-1.0	-1.0	-6.0	-9.0	-5.0
RB_803_815		46.0	88.0	223.0	452.0	890.0	45.0	94.0	233.0	465.0	929.0	51.0	104.0	254.0	503.0	1013.0	43.0	84.0	219.0	427.0	873.0	28.0	56.0	144.0	288.0	570.0	55.0	108.0	267.0	526.0	1048.0	51.0	103.0	258.0	512.0	1022.0	48.0	93.0	233.0	478.0	943.0
VASP_232_244		7.0	13.0	29.0	62.0	129.0	6.0	15.0	34.0	65.0	135.0	7.0	14.0	37.0	77.0	157.0	4.0	12.0	31.0	64.0	128.0	6.0	9.0	26.0	57.0	110.0	6.0	13.0	33.0	68.0	139.0	7.0	15.0	36.0	70.0	141.0	8.0	12.0	33.0	66.0	140.0
GBRB2_427_439		209.0	425.0	1041.0	2095.0	3484.0	186.0	372.0	926.0	1871.0	3520.0	204.0	416.0	1023.0	2068.0	3473.0	221.0	443.0	1100.0	2185.0	3407.0	131.0	267.0	667.0	1346.0	2640.0	184.0	377.0	942.0	1805.0	3473.0	206.0	411.0	1019.0	2057.0	3452.0	177.0	362.0	886.0	1766.0	3483.0
PYGL_8_20		-1.0	-4.0	-4.0	-6.0	-15.0	-2.0	-1.0	-4.0	-10.0	-17.0	-2.0	-1.0	-4.0	-8.0	-12.0	-1.0	0.0	-8.0	-14.0	-21.0	0.0	3.0	2.0	5.0	8.0	0.0	0.0	-5.0	-3.0	-14.0	-2.0	0.0	-6.0	-6.0	-20.0	-1.0	-2.0	-7.0	-13.0	-27.0
TY3H_65_77		196.0	396.0	972.0	1971.0	3534.0	212.0	419.0	1042.0	2081.0	3524.0	199.0	396.0	992.0	1960.0	3505.0	197.0	402.0	1026.0	1984.0	3453.0	161.0	338.0	807.0	1654.0	3206.0	200.0	390.0	986.0	1931.0	3501.0	231.0	458.0	1117.0	2240.0	3465.0	214.0	422.0	1064.0	2088.0	3481.0