BioNavigator Version	6.3.67.0	PamGrid Version	QuantitationType	Median_SigmBg	Protocol file name	Image Analysis_STKDate	Thu, 20 May 2021 20:13:25 GMT
	Barcode	710317302	710317302	710317302	710317302	710317302	710317302	710317302	710317302	710317302	710317302	710317302	710317302	710317302	710317302	710317302	710317302	710317302	710317302	710317302	710317302	710317303	710317303	710317303	710317303	710317303	710317303	710317303	710317303	710317303	710317303	710317303	710317303	710317303	710317303	710317303	710317303	710317303	710317303	710317303	710317303	710317305	710317305	710317305	710317305	710317305	710317305	710317305	710317305	710317305	710317305	710317305	710317305	710317305	710317305	710317305	710317305	710317305	710317305	710317305	710317305
	Exposure time	10.0	20.0	50.0	100.0	200.0	10.0	20.0	50.0	100.0	200.0	10.0	20.0	50.0	100.0	200.0	10.0	20.0	50.0	100.0	200.0	10.0	20.0	50.0	100.0	200.0	10.0	20.0	50.0	100.0	200.0	10.0	20.0	50.0	100.0	200.0	10.0	20.0	50.0	100.0	200.0	10.0	20.0	50.0	100.0	200.0	10.0	20.0	50.0	100.0	200.0	10.0	20.0	50.0	100.0	200.0	10.0	20.0	50.0	100.0	200.0
	Cycle	124	124	124	124	124	124	124	124	124	124	124	124	124	124	124	124	124	124	124	124	124	124	124	124	124	124	124	124	124	124	124	124	124	124	124	124	124	124	124	124	124	124	124	124	124	124	124	124	124	124	124	124	124	124	124	124	124	124	124	124
	Sample name	CTL_874	CTL_874	CTL_874	CTL_874	CTL_874	SCZ_225	SCZ_225	SCZ_225	SCZ_225	SCZ_225	CTL_846	CTL_846	CTL_846	CTL_846	CTL_846	SCZ_291	SCZ_291	SCZ_291	SCZ_291	SCZ_291	CTL_836	CTL_836	CTL_836	CTL_836	CTL_836	SCZ_732	SCZ_732	SCZ_732	SCZ_732	SCZ_732	CTL_195	CTL_195	CTL_195	CTL_195	CTL_195	SCZ_565	SCZ_565	SCZ_565	SCZ_565	SCZ_565	CTL_901	CTL_901	CTL_901	CTL_901	CTL_901	SCZ_69	SCZ_69	SCZ_69	SCZ_69	SCZ_69	CTL_554	CTL_554	CTL_554	CTL_554	CTL_554	SCZ_547	SCZ_547	SCZ_547	SCZ_547	SCZ_547
	Array	A1	A1	A1	A1	A1	A2	A2	A2	A2	A2	A3	A3	A3	A3	A3	A4	A4	A4	A4	A4	A1	A1	A1	A1	A1	A2	A2	A2	A2	A2	A3	A3	A3	A3	A3	A4	A4	A4	A4	A4	A1	A1	A1	A1	A1	A2	A2	A2	A2	A2	A3	A3	A3	A3	A3	A4	A4	A4	A4	A4
ID
#REF		68.0	133.0	338.0	670.0	1325.0	69.0	141.0	353.0	710.0	1410.0	67.0	130.0	329.0	665.0	1312.0	71.0	139.0	344.0	682.0	1359.0	66.0	125.0	315.0	614.0	1221.0	63.0	127.0	320.0	642.0	1264.0	64.0	128.0	319.0	645.0	1284.0	70.0	141.0	350.0	722.0	1405.0	59.0	120.0	299.0	600.0	1171.0	59.0	118.0	307.0	614.0	1211.0	61.0	123.0	314.0	621.0	1250.0	61.0	127.0	314.0	650.0	1256.0
#REF		66.0	138.0	336.0	671.0	1367.0	71.0	138.0	350.0	702.0	1382.0	67.0	129.0	332.0	661.0	1311.0	66.0	139.0	347.0	686.0	1369.0	63.0	123.0	298.0	633.0	1261.0	63.0	121.0	319.0	624.0	1231.0	67.0	127.0	321.0	637.0	1276.0	71.0	142.0	346.0	689.0	1367.0	60.0	124.0	296.0	615.0	1240.0	59.0	114.0	300.0	604.0	1229.0	65.0	131.0	329.0	636.0	1277.0	62.0	125.0	317.0	616.0	1254.0
#REF		68.0	137.0	350.0	706.0	1377.0	73.0	145.0	353.0	710.0	1406.0	69.0	136.0	336.0	670.0	1338.0	68.0	135.0	342.0	687.0	1345.0	62.0	124.0	315.0	620.0	1213.0	63.0	129.0	322.0	649.0	1281.0	67.0	139.0	329.0	668.0	1335.0	70.0	143.0	360.0	716.0	1417.0	62.0	124.0	312.0	627.0	1196.0	61.0	126.0	316.0	615.0	1214.0	62.0	128.0	321.0	626.0	1247.0	63.0	128.0	304.0	636.0	1293.0
#REF		75.0	156.0	381.0	755.0	1508.0	76.0	156.0	382.0	761.0	1503.0	74.0	143.0	360.0	722.0	1426.0	76.0	152.0	364.0	756.0	1461.0	66.0	139.0	338.0	672.0	1346.0	67.0	140.0	345.0	688.0	1383.0	68.0	137.0	343.0	673.0	1346.0	77.0	153.0	373.0	752.0	1488.0	65.0	138.0	341.0	679.0	1340.0	68.0	130.0	325.0	658.0	1322.0	68.0	136.0	342.0	682.0	1367.0	69.0	136.0	337.0	673.0	1334.0
#REF		91.0	181.0	448.0	885.0	1767.0	89.0	179.0	459.0	919.0	1799.0	92.0	185.0	460.0	913.0	1827.0	94.0	187.0	469.0	937.0	1858.0	90.0	173.0	426.0	870.0	1722.0	84.0	174.0	445.0	885.0	1723.0	89.0	186.0	452.0	900.0	1800.0	92.0	184.0	457.0	909.0	1790.0	87.0	164.0	418.0	815.0	1620.0	80.0	166.0	413.0	844.0	1679.0	85.0	179.0	442.0	892.0	1759.0	88.0	169.0	433.0	859.0	1707.0
#REF		89.0	169.0	433.0	845.0	1700.0	88.0	173.0	434.0	851.0	1702.0	89.0	175.0	432.0	863.0	1716.0	89.0	178.0	440.0	878.0	1742.0	84.0	167.0	413.0	862.0	1735.0	83.0	163.0	413.0	829.0	1644.0	87.0	171.0	427.0	868.0	1712.0	90.0	174.0	439.0	859.0	1716.0	85.0	168.0	418.0	840.0	1680.0	80.0	166.0	404.0	807.0	1618.0	85.0	172.0	421.0	839.0	1667.0	88.0	173.0	426.0	845.0	1672.0
#REF		87.0	174.0	432.0	861.0	1688.0	89.0	173.0	433.0	863.0	1731.0	87.0	176.0	440.0	865.0	1710.0	91.0	180.0	451.0	900.0	1771.0	85.0	168.0	412.0	838.0	1647.0	85.0	172.0	428.0	845.0	1682.0	89.0	178.0	459.0	899.0	1788.0	91.0	176.0	438.0	870.0	1736.0	85.0	163.0	412.0	824.0	1656.0	80.0	166.0	399.0	805.0	1597.0	84.0	166.0	416.0	816.0	1642.0	83.0	162.0	415.0	841.0	1666.0
#REF		92.0	182.0	448.0	892.0	1746.0	94.0	186.0	461.0	918.0	1815.0	91.0	177.0	442.0	878.0	1746.0	90.0	185.0	450.0	914.0	1821.0	87.0	174.0	426.0	835.0	1694.0	85.0	176.0	429.0	878.0	1734.0	93.0	178.0	453.0	910.0	1786.0	89.0	184.0	451.0	905.0	1794.0	87.0	164.0	428.0	844.0	1666.0	83.0	172.0	425.0	842.0	1679.0	88.0	171.0	429.0	867.0	1720.0	88.0	178.0	429.0	915.0	1776.0
pTY3H_64_78		324.0	643.0	1561.0	3065.0	3578.0	248.0	492.0	1222.0	2454.0	3687.0	489.0	965.0	2393.0	3737.0	3500.0	498.0	996.0	2433.0	3738.0	3506.0	390.0	775.0	1897.0	3632.0	3438.0	353.0	694.0	1735.0	3396.0	3511.0	490.0	953.0	2365.0	3727.0	3459.0	334.0	657.0	1627.0	3175.0	3619.0	390.0	780.0	1900.0	3678.0	3370.0	433.0	855.0	2094.0	3723.0	3427.0	427.0	848.0	2107.0	3755.0	3522.0	411.0	818.0	2019.0	3711.0	3446.0
ATF2_47_59		-2.0	-2.0	0.0	-2.0	-8.0	-1.0	-1.0	-1.0	1.0	10.0	-1.0	0.0	-1.0	-4.0	-11.0	0.0	-1.0	-5.0	-10.0	-18.0	1.0	-2.0	-3.0	-4.0	-14.0	-1.0	-2.0	-3.0	-4.0	-8.0	1.0	0.0	-2.0	-2.0	-6.0	-1.0	0.0	-3.0	1.0	5.0	0.0	-2.0	-4.0	-6.0	-16.0	-1.0	-1.0	-3.0	-7.0	-12.0	0.0	-1.0	-2.0	1.0	-8.0	0.0	-1.0	-3.0	-7.0	-10.0
CDN1A_139_151		66.0	132.0	325.0	643.0	1270.0	16.0	29.0	72.0	142.0	281.0	148.0	298.0	731.0	1441.0	2842.0	202.0	403.0	991.0	1945.0	3718.0	98.0	197.0	479.0	953.0	1877.0	80.0	155.0	401.0	800.0	1580.0	142.0	279.0	688.0	1380.0	2705.0	62.0	122.0	304.0	613.0	1233.0	134.0	262.0	669.0	1300.0	2596.0	134.0	267.0	670.0	1321.0	2627.0	111.0	217.0	538.0	1075.0	2123.0	124.0	249.0	617.0	1217.0	2428.0
FIBA_569_581		0.0	0.0	1.0	1.0	5.0	0.0	1.0	3.0	3.0	8.0	0.0	1.0	4.0	5.0	10.0	-1.0	0.0	2.0	2.0	8.0	1.0	0.0	1.0	4.0	6.0	1.0	0.0	2.0	3.0	8.0	1.0	0.0	2.0	3.0	9.0	-1.0	1.0	3.0	2.0	6.0	-2.0	0.0	1.0	1.0	10.0	-2.0	0.0	2.0	3.0	7.0	0.0	1.0	1.0	4.0	8.0	0.0	1.0	2.0	4.0	7.0
IKKB_173_185_C179A		2.0	1.0	2.0	1.0	2.0	1.0	0.0	0.0	0.0	3.0	0.0	0.0	2.0	2.0	2.0	0.0	0.0	0.0	1.0	3.0	1.0	0.0	0.0	1.0	4.0	-1.0	1.0	0.0	1.0	4.0	1.0	1.0	0.0	0.0	4.0	1.0	-1.0	1.0	2.0	3.0	-1.0	0.0	1.0	1.0	2.0	0.0	-1.0	2.0	3.0	2.0	-1.0	0.0	1.0	1.0	3.0	-1.0	1.0	1.0	2.0	3.0
LIPS_944_956		-1.0	1.0	2.0	3.0	6.0	0.0	0.0	2.0	5.0	7.0	0.0	-1.0	2.0	3.0	8.0	0.0	1.0	0.0	2.0	5.0	0.0	1.0	2.0	3.0	8.0	1.0	1.0	1.0	5.0	5.0	-1.0	0.0	2.0	5.0	7.0	0.0	1.0	1.0	3.0	4.0	1.0	1.0	0.0	4.0	5.0	1.0	0.0	1.0	2.0	7.0	2.0	0.0	1.0	3.0	5.0	1.0	0.0	2.0	3.0	3.0
MYBB_513_525		-1.0	0.0	0.0	2.0	2.0	0.0	0.0	2.0	1.0	4.0	-1.0	2.0	-1.0	-1.0	4.0	0.0	1.0	1.0	0.0	3.0	0.0	-1.0	1.0	1.0	2.0	0.0	0.0	1.0	2.0	2.0	0.0	0.0	0.0	0.0	3.0	1.0	0.0	0.0	1.0	1.0	0.0	1.0	1.0	0.0	4.0	1.0	1.0	0.0	1.0	2.0	1.0	0.0	0.0	1.0	1.0	0.0	0.0	0.0	3.0	2.0
PLEK_106_118		2.0	6.0	20.0	39.0	72.0	2.0	7.0	14.0	26.0	56.0	13.0	26.0	67.0	137.0	277.0	14.0	28.0	77.0	153.0	307.0	6.0	14.0	36.0	69.0	141.0	6.0	12.0	28.0	56.0	115.0	13.0	27.0	67.0	137.0	273.0	4.0	8.0	18.0	38.0	77.0	9.0	20.0	51.0	106.0	208.0	12.0	24.0	59.0	120.0	235.0	9.0	17.0	47.0	94.0	191.0	8.0	16.0	41.0	85.0	174.0
RBL2_632_644		-1.0	0.0	0.0	0.0	4.0	0.0	0.0	1.0	0.0	3.0	0.0	1.0	-1.0	1.0	3.0	0.0	0.0	0.0	2.0	2.0	1.0	0.0	0.0	2.0	3.0	0.0	0.0	1.0	1.0	3.0	0.0	2.0	2.0	4.0	4.0	0.0	0.0	2.0	0.0	2.0	0.0	2.0	-2.0	0.0	3.0	-1.0	1.0	0.0	1.0	2.0	1.0	0.0	0.0	2.0	4.0	1.0	0.0	0.0	1.0	1.0
VIGLN_289_301		0.0	-1.0	2.0	3.0	4.0	0.0	2.0	1.0	1.0	5.0	1.0	0.0	2.0	3.0	4.0	0.0	1.0	2.0	2.0	3.0	1.0	1.0	1.0	2.0	3.0	0.0	0.0	0.0	2.0	3.0	1.0	1.0	0.0	2.0	4.0	0.0	1.0	1.0	2.0	5.0	-1.0	-1.0	1.0	2.0	3.0	0.0	-1.0	2.0	1.0	3.0	-1.0	1.0	1.0	2.0	4.0	0.0	1.0	2.0	3.0	3.0
GRIK2_708_720		1.0	1.0	2.0	4.0	10.0	1.0	2.0	3.0	6.0	11.0	2.0	3.0	4.0	9.0	18.0	1.0	4.0	3.0	10.0	14.0	1.0	3.0	5.0	8.0	16.0	2.0	1.0	4.0	8.0	12.0	2.0	1.0	6.0	11.0	25.0	0.0	0.0	0.0	5.0	10.0	2.0	2.0	3.0	7.0	12.0	2.0	1.0	5.0	4.0	11.0	-1.0	0.0	1.0	5.0	11.0	2.0	1.0	2.0	7.0	10.0
RADI_559_569		0.0	0.0	0.0	2.0	4.0	0.0	0.0	1.0	3.0	3.0	1.0	0.0	0.0	1.0	6.0	-1.0	1.0	0.0	2.0	6.0	0.0	0.0	2.0	3.0	6.0	0.0	2.0	0.0	2.0	5.0	1.0	2.0	1.0	4.0	6.0	2.0	-1.0	1.0	2.0	4.0	0.0	1.0	1.0	2.0	4.0	0.0	0.0	1.0	3.0	5.0	-1.0	0.0	1.0	2.0	3.0	1.0	0.0	1.0	2.0	6.0
ACM1_421_433		0.0	2.0	8.0	20.0	30.0	0.0	0.0	5.0	11.0	26.0	1.0	3.0	9.0	20.0	48.0	2.0	4.0	15.0	33.0	62.0	2.0	1.0	12.0	17.0	46.0	0.0	2.0	7.0	15.0	29.0	1.0	3.0	15.0	28.0	54.0	1.0	1.0	6.0	16.0	32.0	3.0	4.0	10.0	21.0	46.0	0.0	5.0	14.0	26.0	50.0	0.0	0.0	9.0	17.0	42.0	4.0	2.0	10.0	32.0	49.0
ATM_1972_1984		-1.0	1.0	1.0	-2.0	0.0	-1.0	0.0	-1.0	0.0	4.0	-1.0	-1.0	0.0	-1.0	-1.0	0.0	-3.0	0.0	-1.0	-2.0	0.0	-1.0	-2.0	0.0	1.0	0.0	1.0	-2.0	1.0	2.0	-1.0	-2.0	-2.0	-1.0	-1.0	1.0	-1.0	1.0	0.0	2.0	0.0	0.0	0.0	-1.0	0.0	0.0	-1.0	-1.0	0.0	-2.0	0.0	-1.0	-1.0	0.0	1.0	-1.0	0.0	-2.0	-2.0	-4.0
CDN1B_151_163		1.0	0.0	0.0	1.0	0.0	0.0	-1.0	1.0	0.0	0.0	0.0	-1.0	-1.0	-1.0	1.0	0.0	-1.0	-1.0	-2.0	-3.0	0.0	-1.0	0.0	-2.0	0.0	-1.0	-1.0	1.0	-1.0	0.0	0.0	1.0	-2.0	0.0	0.0	-1.0	-1.0	-1.0	1.0	2.0	-1.0	1.0	-2.0	1.0	-1.0	-1.0	-2.0	-2.0	-1.0	-3.0	1.0	1.0	2.0	-1.0	-2.0	-1.0	-1.0	0.0	0.0	-3.0
FOXO3_25_37		7.0	15.0	41.0	80.0	165.0	7.0	14.0	34.0	73.0	144.0	11.0	25.0	63.0	125.0	247.0	12.0	25.0	63.0	124.0	251.0	9.0	19.0	48.0	93.0	186.0	9.0	17.0	46.0	89.0	184.0	14.0	25.0	66.0	132.0	270.0	7.0	14.0	38.0	71.0	143.0	10.0	17.0	45.0	93.0	180.0	10.0	20.0	51.0	104.0	211.0	5.0	12.0	32.0	64.0	128.0	9.0	17.0	44.0	87.0	178.0
IKKB_686_698		0.0	1.0	-1.0	-2.0	1.0	0.0	-1.0	0.0	0.0	3.0	0.0	0.0	1.0	1.0	3.0	0.0	2.0	0.0	2.0	2.0	-1.0	1.0	1.0	1.0	-1.0	1.0	0.0	0.0	0.0	2.0	0.0	0.0	0.0	0.0	1.0	1.0	-1.0	0.0	3.0	2.0	0.0	0.0	1.0	2.0	1.0	-2.0	0.0	2.0	1.0	2.0	0.0	1.0	2.0	1.0	2.0	-2.0	0.0	0.0	1.0	2.0
LMNA_192_204		-1.0	-1.0	1.0	0.0	3.0	-1.0	-1.0	1.0	2.0	2.0	1.0	0.0	1.0	2.0	3.0	-1.0	0.0	-1.0	1.0	2.0	-1.0	2.0	0.0	1.0	2.0	1.0	0.0	0.0	0.0	2.0	0.0	0.0	1.0	2.0	3.0	1.0	-1.0	0.0	1.0	4.0	-1.0	2.0	1.0	1.0	1.0	1.0	-1.0	0.0	1.0	3.0	0.0	1.0	0.0	1.0	3.0	-1.0	-1.0	0.0	2.0	1.0
MYC_51_63		0.0	1.0	2.0	1.0	4.0	0.0	0.0	1.0	4.0	4.0	-1.0	0.0	1.0	1.0	3.0	-1.0	1.0	1.0	3.0	4.0	1.0	1.0	2.0	2.0	3.0	-1.0	0.0	0.0	1.0	5.0	1.0	-1.0	-1.0	2.0	2.0	0.0	1.0	2.0	2.0	3.0	0.0	-2.0	0.0	2.0	3.0	-2.0	0.0	1.0	1.0	3.0	1.0	0.0	1.0	3.0	3.0	-1.0	1.0	1.0	1.0	2.0
PP2AB_297_309		-1.0	1.0	0.0	-1.0	3.0	-1.0	1.0	1.0	3.0	6.0	0.0	1.0	0.0	2.0	2.0	-1.0	2.0	2.0	2.0	4.0	1.0	1.0	-1.0	1.0	5.0	1.0	-2.0	2.0	3.0	5.0	1.0	0.0	1.0	3.0	4.0	2.0	0.0	0.0	2.0	4.0	0.0	0.0	2.0	3.0	5.0	-1.0	-2.0	1.0	1.0	3.0	1.0	1.0	1.0	2.0	3.0	2.0	0.0	0.0	2.0	3.0
RBL2_655_667		2.0	1.0	3.0	11.0	20.0	0.0	3.0	5.0	8.0	18.0	1.0	2.0	7.0	14.0	30.0	0.0	3.0	5.0	11.0	24.0	1.0	2.0	5.0	10.0	19.0	2.0	2.0	5.0	11.0	22.0	2.0	2.0	7.0	14.0	27.0	2.0	1.0	5.0	9.0	18.0	1.0	3.0	4.0	10.0	21.0	-1.0	2.0	5.0	12.0	20.0	0.0	2.0	4.0	10.0	20.0	-1.0	2.0	3.0	10.0	19.0
YAP1_121_133		1.0	2.0	-1.0	2.0	5.0	0.0	0.0	1.0	4.0	5.0	1.0	2.0	2.0	2.0	5.0	1.0	1.0	2.0	1.0	6.0	-1.0	0.0	1.0	3.0	5.0	0.0	1.0	2.0	2.0	4.0	0.0	0.0	3.0	2.0	4.0	0.0	1.0	2.0	2.0	5.0	1.0	0.0	1.0	3.0	4.0	0.0	0.0	1.0	3.0	4.0	0.0	1.0	1.0	3.0	5.0	-1.0	1.0	1.0	2.0	8.0
KAP2_92_104		4.0	3.0	12.0	22.0	46.0	3.0	5.0	11.0	18.0	42.0	4.0	9.0	20.0	35.0	69.0	4.0	7.0	17.0	36.0	72.0	1.0	4.0	15.0	30.0	58.0	2.0	6.0	17.0	33.0	64.0	3.0	8.0	18.0	35.0	73.0	3.0	4.0	10.0	20.0	37.0	3.0	5.0	15.0	25.0	52.0	4.0	7.0	14.0	29.0	59.0	2.0	3.0	9.0	18.0	34.0	1.0	4.0	8.0	17.0	36.0
RS6_228_240		1.0	2.0	1.0	4.0	10.0	0.0	1.0	2.0	6.0	11.0	2.0	3.0	5.0	9.0	21.0	1.0	2.0	3.0	10.0	21.0	-2.0	2.0	5.0	8.0	16.0	0.0	2.0	3.0	7.0	14.0	1.0	2.0	7.0	11.0	23.0	2.0	2.0	3.0	5.0	12.0	0.0	1.0	3.0	6.0	10.0	2.0	2.0	4.0	8.0	15.0	0.0	-1.0	2.0	3.0	12.0	0.0	1.0	2.0	4.0	9.0
ACM1_444_456		2.0	2.0	4.0	9.0	18.0	0.0	2.0	3.0	10.0	16.0	1.0	3.0	8.0	15.0	32.0	2.0	3.0	6.0	15.0	29.0	0.0	2.0	5.0	9.0	23.0	1.0	0.0	6.0	10.0	19.0	2.0	4.0	7.0	13.0	28.0	2.0	1.0	3.0	9.0	17.0	1.0	3.0	5.0	10.0	25.0	1.0	2.0	5.0	9.0	17.0	1.0	2.0	5.0	12.0	21.0	0.0	2.0	6.0	9.0	20.0
BAD_112_124		0.0	0.0	1.0	3.0	8.0	0.0	1.0	1.0	5.0	8.0	1.0	1.0	2.0	5.0	10.0	0.0	1.0	1.0	3.0	9.0	1.0	2.0	4.0	4.0	8.0	-1.0	1.0	2.0	2.0	5.0	0.0	1.0	3.0	4.0	8.0	-1.0	2.0	2.0	4.0	6.0	2.0	1.0	2.0	4.0	10.0	2.0	2.0	3.0	3.0	8.0	2.0	1.0	2.0	4.0	9.0	0.0	-1.0	2.0	0.0	8.0
CENPA_1_14		1.0	2.0	7.0	16.0	32.0	3.0	4.0	8.0	16.0	34.0	5.0	5.0	17.0	33.0	65.0	5.0	6.0	18.0	35.0	72.0	2.0	4.0	10.0	19.0	44.0	3.0	3.0	9.0	20.0	40.0	4.0	7.0	17.0	32.0	63.0	2.0	4.0	10.0	17.0	35.0	1.0	5.0	10.0	21.0	45.0	2.0	6.0	14.0	28.0	55.0	3.0	5.0	12.0	25.0	45.0	2.0	4.0	11.0	26.0	49.0
FRAP_2443_2455		1.0	1.0	2.0	3.0	7.0	0.0	2.0	2.0	4.0	7.0	1.0	2.0	1.0	6.0	9.0	-1.0	0.0	3.0	3.0	7.0	1.0	0.0	3.0	2.0	9.0	0.0	0.0	3.0	5.0	10.0	-1.0	0.0	0.0	2.0	7.0	0.0	0.0	1.0	3.0	5.0	1.0	0.0	0.0	3.0	5.0	-1.0	0.0	3.0	3.0	5.0	2.0	2.0	1.0	3.0	5.0	0.0	2.0	1.0	3.0	3.0
K6PL_766_778		-2.0	0.0	1.0	2.0	5.0	0.0	0.0	1.0	3.0	4.0	1.0	1.0	3.0	2.0	9.0	2.0	1.0	2.0	4.0	6.0	1.0	0.0	0.0	2.0	4.0	-1.0	-1.0	2.0	3.0	4.0	1.0	-1.0	1.0	2.0	5.0	1.0	1.0	1.0	4.0	6.0	2.0	1.0	1.0	3.0	6.0	-1.0	0.0	2.0	1.0	5.0	1.0	2.0	1.0	3.0	5.0	0.0	1.0	1.0	3.0	3.0
LMNB1_16_28		-1.0	1.0	2.0	2.0	3.0	0.0	0.0	-1.0	2.0	3.0	1.0	0.0	0.0	2.0	3.0	0.0	-2.0	0.0	2.0	2.0	1.0	-2.0	0.0	1.0	4.0	1.0	0.0	2.0	0.0	5.0	0.0	1.0	2.0	2.0	1.0	-1.0	0.0	-1.0	2.0	2.0	1.0	1.0	1.0	2.0	3.0	-1.0	1.0	1.0	1.0	4.0	1.0	0.0	2.0	1.0	2.0	1.0	-1.0	2.0	2.0	3.0
NEK2_172_184		1.0	1.0	4.0	5.0	15.0	0.0	1.0	4.0	6.0	15.0	2.0	1.0	4.0	9.0	20.0	1.0	2.0	4.0	7.0	16.0	1.0	2.0	3.0	6.0	13.0	1.0	2.0	3.0	6.0	13.0	3.0	1.0	3.0	6.0	16.0	0.0	2.0	2.0	6.0	13.0	0.0	1.0	5.0	8.0	13.0	0.0	0.0	2.0	4.0	10.0	0.0	1.0	4.0	5.0	13.0	0.0	1.0	1.0	6.0	13.0
PPR1A_28_40		12.0	24.0	63.0	129.0	263.0	12.0	27.0	66.0	129.0	260.0	18.0	36.0	94.0	186.0	373.0	18.0	37.0	90.0	184.0	363.0	16.0	29.0	78.0	152.0	300.0	14.0	29.0	76.0	154.0	303.0	19.0	38.0	94.0	190.0	375.0	12.0	23.0	56.0	114.0	235.0	13.0	26.0	71.0	137.0	286.0	17.0	34.0	80.0	167.0	317.0	14.0	28.0	76.0	148.0	293.0	13.0	29.0	75.0	151.0	305.0
RBL2_959_971		-1.0	0.0	1.0	2.0	4.0	1.0	0.0	0.0	1.0	3.0	0.0	0.0	2.0	1.0	4.0	0.0	0.0	1.0	0.0	3.0	1.0	0.0	3.0	2.0	1.0	1.0	-1.0	0.0	0.0	4.0	0.0	0.0	1.0	0.0	1.0	1.0	0.0	1.0	1.0	4.0	-1.0	0.0	1.0	1.0	3.0	0.0	1.0	-1.0	0.0	1.0	-1.0	1.0	0.0	1.0	1.0	0.0	1.0	-1.0	1.0	2.0
ADRB2_338_350		0.0	2.0	3.0	7.0	10.0	2.0	1.0	2.0	4.0	8.0	2.0	3.0	4.0	9.0	19.0	0.0	1.0	3.0	6.0	13.0	0.0	2.0	2.0	9.0	14.0	1.0	2.0	3.0	7.0	13.0	1.0	2.0	5.0	9.0	20.0	1.0	1.0	2.0	6.0	10.0	0.0	2.0	2.0	7.0	14.0	1.0	1.0	4.0	7.0	15.0	2.0	1.0	2.0	4.0	9.0	0.0	1.0	2.0	4.0	8.0
KCC2G_278_289		-1.0	1.0	3.0	5.0	7.0	-1.0	0.0	3.0	3.0	8.0	2.0	2.0	4.0	5.0	11.0	0.0	1.0	3.0	5.0	12.0	0.0	1.0	2.0	4.0	8.0	1.0	0.0	2.0	5.0	8.0	-1.0	1.0	2.0	3.0	8.0	0.0	1.0	2.0	5.0	7.0	1.0	1.0	1.0	4.0	8.0	2.0	1.0	3.0	4.0	8.0	0.0	1.0	1.0	6.0	10.0	-1.0	2.0	1.0	4.0	6.0
RYR1_4317_4329		0.0	2.0	5.0	9.0	20.0	0.0	-1.0	5.0	9.0	20.0	4.0	5.0	12.0	21.0	40.0	0.0	3.0	10.0	15.0	31.0	2.0	4.0	6.0	16.0	29.0	0.0	1.0	6.0	13.0	27.0	2.0	4.0	9.0	18.0	36.0	1.0	3.0	5.0	8.0	19.0	0.0	4.0	6.0	11.0	23.0	3.0	0.0	9.0	14.0	28.0	3.0	3.0	6.0	11.0	21.0	2.0	-1.0	5.0	7.0	18.0
ACM4_456_468		3.0	3.0	9.0	15.0	30.0	3.0	1.0	4.0	8.0	25.0	2.0	6.0	15.0	28.0	56.0	5.0	6.0	16.0	34.0	67.0	3.0	4.0	9.0	19.0	39.0	1.0	3.0	7.0	16.0	34.0	3.0	6.0	12.0	27.0	55.0	1.0	2.0	7.0	12.0	25.0	2.0	6.0	9.0	20.0	44.0	2.0	5.0	11.0	23.0	46.0	3.0	5.0	10.0	19.0	38.0	-1.0	4.0	8.0	17.0	37.0
BAD_69_81		0.0	1.0	1.0	5.0	10.0	0.0	0.0	2.0	5.0	11.0	0.0	2.0	4.0	8.0	14.0	1.0	2.0	1.0	6.0	15.0	1.0	1.0	4.0	6.0	13.0	1.0	1.0	2.0	4.0	10.0	0.0	2.0	3.0	6.0	16.0	0.0	1.0	2.0	4.0	11.0	0.0	1.0	2.0	7.0	12.0	0.0	1.0	1.0	4.0	9.0	-1.0	0.0	3.0	5.0	11.0	0.0	1.0	1.0	3.0	9.0
COF1_17_29		-1.0	1.0	1.0	1.0	0.0	2.0	1.0	3.0	2.0	3.0	1.0	-2.0	1.0	0.0	4.0	2.0	2.0	0.0	1.0	2.0	1.0	0.0	0.0	2.0	3.0	0.0	0.0	1.0	2.0	3.0	-1.0	0.0	1.0	0.0	1.0	0.0	-1.0	-2.0	0.0	2.0	1.0	0.0	0.0	1.0	2.0	-2.0	0.0	1.0	1.0	3.0	0.0	1.0	0.0	3.0	3.0	0.0	0.0	0.0	2.0	2.0
FRAP_2475_2487		0.0	0.0	0.0	1.0	1.0	2.0	-1.0	0.0	2.0	2.0	2.0	2.0	0.0	0.0	3.0	-1.0	0.0	0.0	1.0	2.0	1.0	-1.0	0.0	0.0	1.0	0.0	1.0	-1.0	2.0	3.0	1.0	-1.0	1.0	2.0	1.0	0.0	1.0	1.0	2.0	3.0	1.0	1.0	1.0	3.0	3.0	0.0	-1.0	1.0	2.0	3.0	1.0	0.0	1.0	3.0	2.0	0.0	0.0	0.0	1.0	4.0
KAPCG_192_206		0.0	2.0	1.0	4.0	10.0	1.0	2.0	1.0	4.0	7.0	-1.0	0.0	2.0	5.0	13.0	-1.0	0.0	4.0	5.0	11.0	-1.0	1.0	3.0	7.0	8.0	0.0	3.0	3.0	5.0	8.0	1.0	0.0	2.0	6.0	10.0	-2.0	1.0	3.0	4.0	8.0	0.0	1.0	1.0	4.0	9.0	2.0	1.0	2.0	6.0	10.0	-1.0	1.0	3.0	3.0	9.0	1.0	2.0	4.0	5.0	8.0
MARCS_152_164		1.0	1.0	4.0	6.0	15.0	0.0	1.0	4.0	7.0	15.0	3.0	1.0	7.0	11.0	23.0	1.0	2.0	5.0	12.0	21.0	1.0	1.0	3.0	7.0	15.0	1.0	1.0	3.0	8.0	17.0	1.0	2.0	6.0	10.0	21.0	0.0	1.0	4.0	7.0	13.0	0.0	0.0	4.0	8.0	17.0	1.0	1.0	4.0	9.0	17.0	0.0	1.0	4.0	7.0	16.0	1.0	2.0	3.0	9.0	15.0
NEK3_158_170		0.0	1.0	0.0	5.0	7.0	0.0	2.0	0.0	2.0	7.0	0.0	0.0	3.0	4.0	9.0	1.0	1.0	2.0	5.0	11.0	1.0	1.0	1.0	4.0	6.0	0.0	0.0	1.0	3.0	8.0	-1.0	1.0	1.0	5.0	8.0	0.0	1.0	1.0	5.0	6.0	0.0	1.0	4.0	5.0	7.0	1.0	1.0	2.0	2.0	8.0	-1.0	2.0	3.0	4.0	7.0	-1.0	0.0	2.0	4.0	6.0
PRKDC_2618_2630		0.0	1.0	3.0	6.0	12.0	0.0	0.0	4.0	6.0	13.0	1.0	2.0	2.0	9.0	16.0	1.0	1.0	3.0	6.0	11.0	0.0	1.0	3.0	6.0	14.0	0.0	2.0	3.0	7.0	11.0	1.0	2.0	4.0	6.0	15.0	0.0	2.0	2.0	7.0	10.0	0.0	1.0	3.0	6.0	12.0	0.0	1.0	3.0	6.0	11.0	1.0	0.0	4.0	5.0	10.0	1.0	1.0	2.0	6.0	8.0
REL_260_272		-2.0	0.0	0.0	3.0	4.0	-1.0	0.0	0.0	1.0	3.0	0.0	-1.0	-1.0	3.0	3.0	-2.0	-1.0	0.0	4.0	3.0	1.0	1.0	0.0	1.0	3.0	1.0	1.0	1.0	3.0	6.0	1.0	0.0	1.0	2.0	4.0	0.0	0.0	-1.0	2.0	5.0	1.0	0.0	1.0	1.0	5.0	0.0	1.0	1.0	2.0	2.0	0.0	1.0	2.0	2.0	4.0	0.0	0.0	1.0	2.0	3.0
ART_025_CXGLRRWSLGGLRRWSL		2.0	3.0	10.0	19.0	35.0	1.0	2.0	5.0	10.0	18.0	3.0	3.0	11.0	20.0	43.0	4.0	4.0	10.0	21.0	44.0	0.0	1.0	7.0	16.0	30.0	1.0	4.0	11.0	20.0	36.0	2.0	4.0	9.0	18.0	35.0	2.0	4.0	9.0	14.0	28.0	0.0	4.0	8.0	17.0	34.0	1.0	3.0	7.0	16.0	35.0	1.0	4.0	8.0	14.0	30.0	1.0	4.0	9.0	16.0	33.0
KCNA1_438_450		1.0	1.0	0.0	2.0	3.0	1.0	1.0	0.0	2.0	3.0	0.0	1.0	1.0	1.0	1.0	0.0	0.0	1.0	2.0	3.0	1.0	1.0	2.0	1.0	3.0	-1.0	-1.0	3.0	3.0	4.0	0.0	0.0	-1.0	0.0	1.0	0.0	0.0	0.0	1.0	3.0	1.0	0.0	1.0	1.0	3.0	0.0	1.0	1.0	1.0	3.0	0.0	0.0	1.0	1.0	6.0	0.0	0.0	2.0	2.0	3.0
SCN7A_898_910		0.0	1.0	0.0	3.0	2.0	-1.0	1.0	3.0	3.0	4.0	1.0	-1.0	-1.0	5.0	6.0	1.0	2.0	2.0	4.0	7.0	-2.0	1.0	1.0	3.0	4.0	0.0	1.0	1.0	2.0	4.0	1.0	-1.0	1.0	4.0	5.0	-1.0	0.0	1.0	2.0	6.0	0.0	1.0	2.0	1.0	4.0	0.0	-2.0	1.0	3.0	5.0	0.0	0.0	1.0	3.0	3.0	0.0	1.0	0.0	0.0	2.0
ACM5_494_506		7.0	13.0	37.0	71.0	146.0	5.0	9.0	24.0	49.0	95.0	13.0	26.0	64.0	129.0	257.0	14.0	33.0	79.0	152.0	312.0	8.0	18.0	46.0	94.0	184.0	7.0	16.0	40.0	82.0	164.0	12.0	26.0	60.0	126.0	250.0	5.0	10.0	29.0	56.0	118.0	9.0	16.0	49.0	100.0	194.0	13.0	26.0	65.0	129.0	266.0	9.0	17.0	45.0	89.0	177.0	9.0	19.0	49.0	99.0	200.0
BAD_93_105		16.0	34.0	87.0	170.0	338.0	13.0	29.0	74.0	144.0	287.0	23.0	44.0	112.0	221.0	444.0	25.0	48.0	122.0	250.0	498.0	17.0	36.0	91.0	178.0	367.0	18.0	36.0	91.0	178.0	376.0	24.0	44.0	116.0	234.0	466.0	15.0	28.0	72.0	147.0	290.0	18.0	36.0	88.0	178.0	355.0	19.0	39.0	101.0	197.0	401.0	15.0	31.0	81.0	163.0	328.0	16.0	35.0	89.0	178.0	358.0
CSF1R_701_713		2.0	1.0	4.0	7.0	15.0	1.0	1.0	4.0	9.0	17.0	0.0	3.0	7.0	12.0	26.0	1.0	2.0	5.0	11.0	22.0	2.0	1.0	4.0	8.0	16.0	1.0	2.0	4.0	9.0	17.0	1.0	2.0	4.0	13.0	23.0	2.0	1.0	2.0	7.0	14.0	1.0	3.0	6.0	7.0	16.0	1.0	2.0	3.0	6.0	14.0	1.0	2.0	4.0	7.0	16.0	1.0	0.0	4.0	7.0	15.0
GPR6_349_361		2.0	2.0	3.0	4.0	11.0	1.0	2.0	3.0	7.0	17.0	1.0	2.0	4.0	10.0	18.0	1.0	2.0	3.0	7.0	18.0	1.0	1.0	1.0	6.0	10.0	0.0	2.0	5.0	9.0	14.0	2.0	2.0	4.0	8.0	17.0	0.0	1.0	3.0	6.0	13.0	3.0	1.0	5.0	5.0	16.0	-1.0	2.0	2.0	6.0	10.0	1.0	2.0	5.0	5.0	13.0	-1.0	2.0	3.0	7.0	11.0
KCNA2_442_454		0.0	1.0	1.0	2.0	5.0	0.0	1.0	1.0	1.0	7.0	0.0	-1.0	1.0	2.0	6.0	0.0	2.0	2.0	2.0	6.0	0.0	3.0	1.0	3.0	4.0	-1.0	0.0	1.0	2.0	5.0	2.0	1.0	0.0	2.0	4.0	2.0	2.0	1.0	2.0	5.0	0.0	0.0	2.0	4.0	5.0	1.0	2.0	1.0	1.0	3.0	1.0	0.0	1.0	1.0	3.0	1.0	0.0	0.0	2.0	3.0
MARCS_160_172		1.0	2.0	8.0	14.0	33.0	2.0	2.0	7.0	13.0	28.0	3.0	6.0	14.0	26.0	56.0	3.0	4.0	14.0	26.0	50.0	3.0	4.0	9.0	14.0	35.0	3.0	3.0	9.0	17.0	36.0	2.0	6.0	15.0	28.0	58.0	1.0	1.0	5.0	14.0	25.0	2.0	4.0	9.0	20.0	39.0	3.0	4.0	9.0	21.0	44.0	1.0	3.0	9.0	18.0	37.0	2.0	3.0	9.0	17.0	35.0
NMDZ1_890_902		2.0	2.0	5.0	10.0	19.0	1.0	2.0	5.0	11.0	22.0	2.0	4.0	12.0	23.0	47.0	2.0	3.0	9.0	21.0	40.0	1.0	3.0	6.0	10.0	22.0	1.0	3.0	6.0	11.0	22.0	3.0	2.0	7.0	21.0	39.0	2.0	3.0	4.0	9.0	20.0	1.0	3.0	8.0	15.0	29.0	2.0	5.0	9.0	18.0	33.0	3.0	3.0	7.0	13.0	29.0	2.0	2.0	6.0	11.0	25.0
PTK6_436_448		1.0	1.0	2.0	4.0	6.0	0.0	1.0	2.0	2.0	5.0	-1.0	1.0	2.0	3.0	6.0	0.0	0.0	2.0	2.0	7.0	-1.0	2.0	1.0	3.0	3.0	0.0	1.0	0.0	3.0	6.0	-1.0	-1.0	0.0	2.0	6.0	1.0	1.0	2.0	4.0	6.0	0.0	-1.0	0.0	3.0	5.0	1.0	1.0	1.0	2.0	4.0	0.0	0.0	1.0	1.0	6.0	0.0	1.0	2.0	0.0	5.0
SRC_413_425		0.0	0.0	0.0	1.0	3.0	1.0	1.0	2.0	1.0	3.0	1.0	0.0	1.0	1.0	3.0	0.0	-1.0	-1.0	3.0	2.0	0.0	0.0	2.0	1.0	3.0	0.0	0.0	1.0	0.0	1.0	1.0	1.0	1.0	4.0	2.0	1.0	0.0	1.0	4.0	4.0	1.0	0.0	1.0	1.0	1.0	1.0	-2.0	2.0	1.0	2.0	-1.0	1.0	-1.0	0.0	4.0	0.0	0.0	1.0	2.0	1.0
CAC1C_1974_1986		1.0	4.0	3.0	5.0	18.0	1.0	1.0	3.0	5.0	13.0	0.0	2.0	6.0	13.0	23.0	1.0	3.0	6.0	13.0	25.0	1.0	2.0	5.0	10.0	17.0	2.0	1.0	5.0	11.0	19.0	-1.0	0.0	7.0	11.0	23.0	1.0	0.0	4.0	7.0	13.0	1.0	2.0	5.0	9.0	19.0	0.0	2.0	5.0	8.0	19.0	1.0	3.0	2.0	9.0	14.0	3.0	2.0	5.0	8.0	14.0
KPB1_1011_1023		-1.0	2.0	1.0	3.0	4.0	0.0	1.0	1.0	0.0	3.0	0.0	0.0	0.0	1.0	2.0	0.0	0.0	0.0	1.0	5.0	0.0	1.0	2.0	1.0	2.0	0.0	1.0	1.0	1.0	3.0	3.0	1.0	2.0	2.0	4.0	0.0	0.0	1.0	1.0	2.0	-1.0	-1.0	1.0	2.0	2.0	1.0	1.0	0.0	3.0	2.0	1.0	0.0	2.0	2.0	4.0	0.0	1.0	1.0	0.0	3.0
SRC8_CHICK_423_435		0.0	-1.0	2.0	3.0	3.0	1.0	0.0	1.0	0.0	2.0	0.0	-1.0	1.0	2.0	3.0	2.0	1.0	1.0	3.0	2.0	0.0	0.0	0.0	1.0	3.0	1.0	0.0	0.0	1.0	1.0	0.0	1.0	1.0	1.0	5.0	0.0	1.0	2.0	1.0	3.0	0.0	-1.0	0.0	2.0	4.0	-1.0	0.0	0.0	1.0	1.0	-1.0	1.0	1.0	1.0	3.0	1.0	-1.0	1.0	0.0	4.0
ACM5_498_510		2.0	5.0	12.0	25.0	48.0	2.0	4.0	10.0	21.0	48.0	5.0	10.0	27.0	51.0	104.0	5.0	12.0	29.0	61.0	121.0	3.0	6.0	18.0	33.0	66.0	2.0	3.0	13.0	29.0	54.0	6.0	9.0	24.0	49.0	103.0	2.0	3.0	9.0	21.0	45.0	4.0	8.0	18.0	35.0	73.0	5.0	8.0	23.0	48.0	99.0	4.0	8.0	17.0	34.0	68.0	2.0	5.0	16.0	34.0	68.0
BCKD_45_57		1.0	1.0	2.0	3.0	2.0	-1.0	-1.0	2.0	1.0	3.0	0.0	1.0	2.0	2.0	5.0	0.0	1.0	2.0	4.0	7.0	0.0	1.0	1.0	2.0	6.0	-1.0	0.0	1.0	4.0	3.0	1.0	2.0	1.0	4.0	7.0	0.0	2.0	-1.0	3.0	6.0	1.0	0.0	2.0	3.0	6.0	0.0	1.0	3.0	2.0	7.0	0.0	0.0	2.0	3.0	8.0	0.0	1.0	0.0	4.0	2.0
CSK21_355_367		1.0	0.0	1.0	0.0	2.0	0.0	0.0	2.0	3.0	2.0	1.0	0.0	1.0	1.0	1.0	1.0	0.0	0.0	2.0	4.0	-1.0	0.0	1.0	2.0	2.0	1.0	0.0	0.0	3.0	3.0	0.0	2.0	0.0	1.0	1.0	0.0	0.0	1.0	1.0	1.0	-1.0	1.0	2.0	0.0	2.0	-1.0	-1.0	0.0	1.0	0.0	0.0	-1.0	0.0	0.0	1.0	1.0	0.0	1.0	2.0	1.0
GPSM2_394_406		-1.0	2.0	1.0	1.0	4.0	0.0	-1.0	1.0	4.0	2.0	0.0	0.0	1.0	3.0	7.0	0.0	0.0	1.0	3.0	5.0	0.0	0.0	0.0	1.0	3.0	2.0	1.0	0.0	1.0	4.0	0.0	1.0	2.0	1.0	3.0	0.0	-1.0	1.0	1.0	6.0	-1.0	0.0	0.0	3.0	3.0	-1.0	-1.0	1.0	1.0	3.0	1.0	0.0	0.0	3.0	1.0	-1.0	-1.0	1.0	2.0	5.0
KCNA3_461_473		-1.0	-1.0	2.0	1.0	3.0	0.0	0.0	0.0	2.0	4.0	0.0	-1.0	2.0	2.0	3.0	-2.0	1.0	2.0	2.0	5.0	0.0	1.0	0.0	1.0	2.0	1.0	1.0	0.0	2.0	4.0	0.0	1.0	-1.0	0.0	3.0	1.0	0.0	0.0	1.0	2.0	0.0	0.0	1.0	1.0	3.0	0.0	0.0	0.0	4.0	2.0	1.0	-1.0	1.0	3.0	6.0	0.0	0.0	0.0	1.0	5.0
MBP_222_234		5.0	11.0	24.0	48.0	94.0	4.0	7.0	21.0	42.0	86.0	8.0	16.0	38.0	76.0	149.0	5.0	12.0	29.0	59.0	121.0	5.0	12.0	25.0	50.0	103.0	5.0	10.0	29.0	52.0	112.0	6.0	16.0	36.0	75.0	157.0	5.0	10.0	22.0	45.0	90.0	7.0	11.0	28.0	55.0	116.0	5.0	7.0	18.0	39.0	81.0	1.0	10.0	24.0	49.0	104.0	4.0	7.0	18.0	35.0	76.0
NOS3_1171_1183		7.0	9.0	30.0	61.0	121.0	8.0	13.0	29.0	58.0	118.0	12.0	21.0	54.0	104.0	210.0	7.0	15.0	37.0	75.0	152.0	7.0	12.0	34.0	67.0	136.0	8.0	15.0	40.0	77.0	152.0	9.0	18.0	45.0	90.0	182.0	5.0	7.0	26.0	51.0	101.0	5.0	14.0	35.0	70.0	139.0	6.0	9.0	25.0	54.0	110.0	5.0	13.0	30.0	62.0	122.0	6.0	8.0	21.0	46.0	92.0
RAB1A_187_199		0.0	0.0	-1.0	3.0	4.0	0.0	0.0	2.0	4.0	4.0	1.0	0.0	1.0	4.0	4.0	1.0	0.0	2.0	3.0	5.0	0.0	0.0	2.0	2.0	4.0	0.0	1.0	0.0	3.0	6.0	0.0	2.0	0.0	1.0	3.0	1.0	0.0	2.0	3.0	6.0	-2.0	0.0	1.0	1.0	4.0	-1.0	1.0	1.0	2.0	2.0	-1.0	-1.0	0.0	1.0	4.0	1.0	-1.0	0.0	1.0	2.0
STK6_283_295		6.0	12.0	32.0	63.0	123.0	6.0	8.0	23.0	47.0	91.0	12.0	23.0	62.0	123.0	245.0	15.0	26.0	66.0	133.0	265.0	9.0	16.0	42.0	85.0	171.0	7.0	16.0	41.0	80.0	158.0	14.0	26.0	66.0	135.0	269.0	5.0	9.0	25.0	53.0	104.0	9.0	19.0	46.0	90.0	183.0	12.0	23.0	57.0	118.0	241.0	8.0	18.0	44.0	90.0	181.0	10.0	16.0	44.0	90.0	179.0
CFTR_730_742		-1.0	0.0	-1.0	1.0	6.0	0.0	0.0	0.0	2.0	4.0	0.0	0.0	2.0	2.0	4.0	0.0	0.0	1.0	1.0	1.0	0.0	0.0	2.0	2.0	2.0	1.0	0.0	3.0	2.0	2.0	-1.0	2.0	-1.0	2.0	3.0	-1.0	0.0	1.0	1.0	2.0	1.0	0.0	0.0	3.0	1.0	0.0	-1.0	0.0	1.0	1.0	1.0	2.0	2.0	2.0	2.0	-1.0	-1.0	0.0	1.0	4.0
MYPC3_268_280		0.0	-1.0	3.0	3.0	11.0	2.0	2.0	0.0	5.0	9.0	1.0	3.0	4.0	8.0	10.0	0.0	1.0	3.0	5.0	11.0	0.0	1.0	1.0	6.0	9.0	1.0	1.0	3.0	5.0	11.0	2.0	3.0	4.0	7.0	18.0	2.0	1.0	2.0	4.0	12.0	0.0	1.0	3.0	6.0	10.0	0.0	-1.0	1.0	2.0	8.0	0.0	0.0	3.0	4.0	9.0	2.0	0.0	1.0	3.0	4.0
VASP_271_283		1.0	2.0	3.0	7.0	14.0	1.0	0.0	1.0	4.0	10.0	4.0	5.0	14.0	29.0	60.0	3.0	5.0	15.0	31.0	62.0	1.0	4.0	8.0	17.0	33.0	-1.0	1.0	6.0	9.0	21.0	1.0	8.0	17.0	33.0	65.0	1.0	2.0	4.0	8.0	13.0	3.0	4.0	11.0	25.0	43.0	2.0	6.0	14.0	27.0	56.0	2.0	5.0	12.0	23.0	47.0	3.0	2.0	7.0	17.0	37.0
ADDB_696_708		0.0	-1.0	1.0	4.0	7.0	0.0	2.0	2.0	4.0	5.0	0.0	-1.0	2.0	3.0	7.0	1.0	1.0	3.0	2.0	8.0	1.0	0.0	2.0	2.0	5.0	-1.0	-1.0	2.0	3.0	7.0	1.0	1.0	2.0	3.0	6.0	1.0	1.0	3.0	3.0	6.0	-1.0	2.0	2.0	4.0	7.0	-1.0	0.0	1.0	3.0	7.0	-1.0	0.0	1.0	3.0	6.0	-1.0	0.0	2.0	2.0	7.0
BRCA1_1451_1463		-1.0	0.0	1.0	1.0	2.0	0.0	0.0	2.0	2.0	3.0	1.0	1.0	2.0	1.0	1.0	0.0	1.0	0.0	2.0	4.0	0.0	1.0	0.0	1.0	1.0	1.0	0.0	0.0	1.0	2.0	-1.0	0.0	-1.0	2.0	1.0	1.0	1.0	1.0	2.0	2.0	-1.0	-1.0	0.0	2.0	3.0	1.0	0.0	2.0	0.0	1.0	-1.0	1.0	2.0	4.0	4.0	0.0	1.0	2.0	1.0	3.0
DCX_49_61		-1.0	2.0	0.0	3.0	4.0	0.0	0.0	1.0	2.0	5.0	0.0	0.0	2.0	3.0	5.0	0.0	0.0	2.0	3.0	6.0	1.0	0.0	1.0	1.0	3.0	1.0	0.0	1.0	2.0	4.0	1.0	0.0	0.0	3.0	4.0	0.0	0.0	3.0	2.0	6.0	1.0	-1.0	-1.0	4.0	3.0	-1.0	1.0	0.0	4.0	5.0	0.0	1.0	1.0	2.0	4.0	0.0	1.0	1.0	2.0	2.0
GSUB_61_73		-1.0	0.0	2.0	5.0	10.0	1.0	-1.0	2.0	7.0	12.0	0.0	3.0	4.0	9.0	15.0	2.0	0.0	3.0	8.0	14.0	0.0	0.0	3.0	5.0	12.0	-1.0	1.0	2.0	4.0	11.0	1.0	3.0	3.0	6.0	16.0	0.0	1.0	2.0	5.0	10.0	0.0	0.0	3.0	6.0	10.0	0.0	2.0	1.0	6.0	12.0	-1.0	0.0	4.0	4.0	12.0	-1.0	-1.0	3.0	3.0	7.0
KCNB1_489_501		0.0	0.0	0.0	4.0	6.0	0.0	3.0	1.0	2.0	6.0	1.0	0.0	0.0	4.0	6.0	-1.0	0.0	1.0	3.0	6.0	1.0	2.0	1.0	3.0	5.0	0.0	-1.0	0.0	2.0	5.0	0.0	0.0	2.0	1.0	4.0	0.0	0.0	3.0	2.0	5.0	0.0	2.0	3.0	2.0	4.0	-1.0	0.0	2.0	3.0	6.0	0.0	0.0	-1.0	4.0	6.0	-2.0	1.0	2.0	2.0	4.0
MK10_214_226		-1.0	0.0	2.0	3.0	6.0	1.0	2.0	-1.0	3.0	5.0	0.0	0.0	0.0	3.0	6.0	-1.0	1.0	3.0	3.0	5.0	0.0	2.0	0.0	3.0	3.0	0.0	0.0	2.0	3.0	5.0	-1.0	0.0	1.0	3.0	5.0	1.0	1.0	1.0	3.0	4.0	0.0	2.0	2.0	2.0	5.0	0.0	-1.0	2.0	2.0	2.0	1.0	1.0	0.0	4.0	3.0	0.0	-1.0	3.0	3.0	5.0
NR4A1_344_356		2.0	2.0	5.0	13.0	27.0	0.0	3.0	6.0	13.0	26.0	2.0	5.0	13.0	23.0	45.0	0.0	6.0	12.0	24.0	46.0	1.0	3.0	10.0	15.0	29.0	2.0	3.0	6.0	13.0	25.0	2.0	5.0	12.0	25.0	47.0	0.0	3.0	8.0	13.0	27.0	1.0	4.0	9.0	17.0	34.0	1.0	4.0	10.0	19.0	35.0	2.0	4.0	9.0	17.0	35.0	1.0	3.0	7.0	14.0	29.0
RAF1_253_265		-2.0	0.0	1.0	5.0	6.0	-1.0	0.0	1.0	4.0	6.0	2.0	1.0	1.0	7.0	12.0	1.0	1.0	2.0	2.0	7.0	0.0	-1.0	1.0	4.0	7.0	1.0	1.0	2.0	4.0	5.0	0.0	1.0	2.0	4.0	9.0	0.0	2.0	2.0	4.0	6.0	-1.0	0.0	2.0	6.0	8.0	2.0	-1.0	1.0	3.0	7.0	2.0	2.0	0.0	3.0	7.0	1.0	0.0	2.0	3.0	4.0
STMN2_90_102		-1.0	0.0	2.0	0.0	3.0	1.0	-2.0	-1.0	2.0	3.0	0.0	0.0	2.0	2.0	4.0	-1.0	1.0	-1.0	2.0	3.0	0.0	0.0	1.0	1.0	2.0	0.0	-2.0	1.0	2.0	2.0	1.0	0.0	0.0	1.0	2.0	0.0	1.0	0.0	1.0	4.0	0.0	-1.0	0.0	-1.0	3.0	-1.0	1.0	1.0	0.0	2.0	-1.0	-1.0	1.0	0.0	1.0	1.0	1.0	-1.0	0.0	3.0
CGHB_109_121		2.0	5.0	13.0	24.0	52.0	2.0	2.0	6.0	11.0	25.0	9.0	16.0	43.0	88.0	175.0	10.0	18.0	48.0	95.0	194.0	6.0	11.0	27.0	57.0	113.0	5.0	6.0	19.0	37.0	76.0	9.0	21.0	51.0	106.0	206.0	2.0	4.0	11.0	22.0	41.0	7.0	13.0	34.0	72.0	143.0	9.0	21.0	55.0	113.0	222.0	6.0	12.0	34.0	68.0	138.0	7.0	10.0	31.0	62.0	126.0
NCF1_296_308		-1.0	2.0	5.0	7.0	16.0	-1.0	0.0	4.0	9.0	17.0	2.0	3.0	6.0	15.0	29.0	1.0	2.0	6.0	13.0	27.0	1.0	1.0	3.0	6.0	14.0	0.0	3.0	5.0	11.0	22.0	0.0	3.0	8.0	12.0	28.0	0.0	2.0	3.0	6.0	16.0	1.0	3.0	4.0	9.0	20.0	1.0	3.0	6.0	11.0	18.0	1.0	1.0	7.0	9.0	18.0	1.0	1.0	3.0	4.0	10.0
VTNC_390_402		0.0	1.0	1.0	3.0	8.0	0.0	1.0	2.0	4.0	6.0	-1.0	2.0	2.0	4.0	11.0	1.0	1.0	2.0	4.0	10.0	0.0	1.0	1.0	3.0	7.0	1.0	1.0	2.0	5.0	9.0	-1.0	2.0	2.0	5.0	11.0	-1.0	0.0	2.0	3.0	7.0	0.0	1.0	2.0	6.0	12.0	1.0	-1.0	2.0	3.0	4.0	0.0	1.0	1.0	3.0	8.0	1.0	1.0	3.0	3.0	7.0
ADDB_706_718		1.0	1.0	3.0	8.0	14.0	0.0	2.0	3.0	6.0	14.0	1.0	1.0	6.0	10.0	20.0	1.0	3.0	6.0	10.0	21.0	0.0	3.0	3.0	7.0	14.0	1.0	2.0	3.0	6.0	14.0	0.0	2.0	4.0	8.0	19.0	0.0	1.0	3.0	5.0	12.0	0.0	1.0	2.0	7.0	15.0	0.0	1.0	4.0	6.0	13.0	1.0	1.0	4.0	6.0	14.0	2.0	1.0	2.0	7.0	11.0
C1R_201_213		1.0	1.0	0.0	1.0	3.0	0.0	2.0	1.0	2.0	5.0	0.0	-1.0	1.0	1.0	3.0	-2.0	0.0	1.0	1.0	3.0	2.0	0.0	1.0	2.0	3.0	0.0	-1.0	2.0	1.0	3.0	0.0	0.0	0.0	1.0	3.0	0.0	0.0	0.0	1.0	3.0	-1.0	0.0	0.0	0.0	3.0	-1.0	1.0	1.0	2.0	2.0	0.0	0.0	1.0	2.0	2.0	-1.0	1.0	0.0	2.0	2.0
ELK1_356_368		-1.0	1.0	2.0	1.0	4.0	1.0	1.0	1.0	2.0	4.0	-1.0	0.0	1.0	1.0	2.0	0.0	-1.0	1.0	2.0	4.0	0.0	0.0	0.0	2.0	1.0	1.0	1.0	1.0	1.0	4.0	0.0	1.0	0.0	1.0	2.0	0.0	-1.0	0.0	1.0	2.0	0.0	0.0	1.0	3.0	1.0	1.0	-1.0	-2.0	-1.0	-1.0	0.0	-2.0	1.0	1.0	5.0	0.0	0.0	0.0	3.0	4.0
GYS2_1_13		17.0	37.0	92.0	187.0	368.0	19.0	34.0	88.0	170.0	350.0	25.0	48.0	121.0	239.0	480.0	26.0	51.0	132.0	267.0	534.0	19.0	37.0	96.0	189.0	382.0	19.0	38.0	98.0	192.0	385.0	24.0	50.0	116.0	239.0	478.0	15.0	34.0	84.0	170.0	343.0	16.0	33.0	84.0	169.0	336.0	17.0	33.0	81.0	164.0	337.0	17.0	34.0	84.0	167.0	343.0	16.0	31.0	78.0	153.0	303.0
KIF11_919_931		0.0	0.0	0.0	2.0	3.0	0.0	0.0	1.0	0.0	4.0	0.0	0.0	0.0	0.0	2.0	0.0	1.0	0.0	3.0	4.0	0.0	1.0	1.0	2.0	3.0	1.0	1.0	1.0	1.0	1.0	0.0	0.0	0.0	1.0	3.0	1.0	1.0	1.0	1.0	4.0	2.0	1.0	1.0	-1.0	2.0	1.0	0.0	1.0	0.0	0.0	-1.0	1.0	0.0	1.0	1.0	0.0	0.0	-1.0	1.0	2.0
MP2K1_281_293		0.0	1.0	1.0	1.0	2.0	0.0	0.0	1.0	2.0	3.0	0.0	1.0	1.0	1.0	4.0	-1.0	0.0	1.0	1.0	2.0	-1.0	-1.0	0.0	2.0	3.0	-1.0	-2.0	0.0	0.0	1.0	1.0	0.0	1.0	1.0	1.0	1.0	0.0	1.0	2.0	3.0	0.0	1.0	1.0	1.0	3.0	0.0	0.0	1.0	1.0	2.0	1.0	0.0	1.0	0.0	3.0	1.0	1.0	0.0	1.0	2.0
NTRK3_824_836		-1.0	2.0	2.0	2.0	5.0	-1.0	0.0	1.0	2.0	4.0	0.0	0.0	0.0	3.0	4.0	0.0	1.0	0.0	3.0	5.0	-1.0	0.0	0.0	3.0	5.0	0.0	-1.0	2.0	1.0	6.0	-1.0	2.0	2.0	3.0	4.0	0.0	0.0	3.0	2.0	4.0	1.0	2.0	2.0	4.0	5.0	0.0	1.0	2.0	2.0	4.0	1.0	-1.0	1.0	4.0	5.0	0.0	0.0	1.0	2.0	7.0
RAP1B_172_184		1.0	1.0	2.0	6.0	12.0	0.0	2.0	4.0	6.0	12.0	2.0	0.0	4.0	10.0	17.0	1.0	2.0	6.0	9.0	20.0	1.0	1.0	3.0	6.0	13.0	0.0	1.0	3.0	5.0	12.0	1.0	3.0	4.0	10.0	18.0	1.0	0.0	2.0	6.0	11.0	1.0	2.0	3.0	7.0	14.0	0.0	2.0	4.0	7.0	17.0	3.0	2.0	5.0	6.0	17.0	2.0	3.0	4.0	7.0	12.0
TAU_524_536		0.0	-1.0	1.0	1.0	5.0	0.0	-2.0	1.0	4.0	4.0	0.0	2.0	2.0	3.0	8.0	1.0	0.0	1.0	1.0	5.0	1.0	-2.0	1.0	3.0	5.0	0.0	2.0	2.0	3.0	6.0	1.0	-1.0	0.0	2.0	7.0	0.0	-1.0	1.0	3.0	5.0	1.0	2.0	1.0	2.0	2.0	-1.0	0.0	0.0	3.0	5.0	-1.0	0.0	1.0	3.0	5.0	0.0	0.0	1.0	3.0	4.0
CREB1_126_138		1.0	1.0	4.0	9.0	17.0	0.0	1.0	5.0	6.0	15.0	1.0	4.0	5.0	12.0	25.0	2.0	1.0	6.0	11.0	22.0	1.0	3.0	6.0	8.0	18.0	0.0	1.0	5.0	9.0	18.0	0.0	2.0	7.0	13.0	28.0	-1.0	1.0	5.0	6.0	15.0	1.0	2.0	6.0	9.0	17.0	1.0	2.0	1.0	5.0	11.0	0.0	2.0	4.0	7.0	16.0	1.0	1.0	3.0	7.0	9.0
NCF1_321_333		-1.0	1.0	2.0	4.0	11.0	1.0	1.0	2.0	5.0	8.0	1.0	2.0	3.0	7.0	18.0	1.0	2.0	4.0	8.0	13.0	1.0	1.0	1.0	6.0	11.0	0.0	1.0	4.0	6.0	12.0	0.0	2.0	6.0	10.0	19.0	0.0	0.0	1.0	5.0	10.0	1.0	1.0	2.0	6.0	10.0	1.0	1.0	4.0	4.0	10.0	2.0	1.0	2.0	4.0	10.0	1.0	2.0	1.0	3.0	7.0
CFTR_761_773		2.0	5.0	12.0	23.0	46.0	1.0	6.0	11.0	23.0	51.0	3.0	7.0	21.0	41.0	83.0	3.0	7.0	18.0	36.0	76.0	3.0	6.0	11.0	27.0	53.0	2.0	7.0	16.0	31.0	67.0	5.0	9.0	30.0	58.0	119.0	1.0	4.0	12.0	25.0	52.0	2.0	6.0	13.0	26.0	48.0	2.0	5.0	13.0	28.0	54.0	2.0	6.0	11.0	22.0	47.0	2.0	2.0	9.0	16.0	33.0
AKT1_301_313		1.0	0.0	0.0	1.0	5.0	0.0	0.0	1.0	4.0	4.0	2.0	0.0	2.0	5.0	7.0	1.0	1.0	1.0	3.0	6.0	-1.0	0.0	1.0	1.0	3.0	0.0	0.0	0.0	2.0	3.0	-1.0	1.0	2.0	2.0	4.0	1.0	0.0	2.0	3.0	3.0	0.0	0.0	1.0	2.0	6.0	0.0	1.0	0.0	2.0	3.0	0.0	-1.0	2.0	4.0	5.0	0.0	2.0	2.0	3.0	5.0
CA2D1_494_506		5.0	9.0	23.0	45.0	93.0	3.0	7.0	17.0	36.0	73.0	5.0	12.0	29.0	57.0	114.0	6.0	12.0	32.0	66.0	126.0	3.0	8.0	23.0	50.0	95.0	4.0	9.0	24.0	47.0	95.0	6.0	10.0	30.0	60.0	121.0	3.0	7.0	18.0	39.0	77.0	5.0	8.0	20.0	40.0	84.0	3.0	9.0	21.0	41.0	86.0	3.0	9.0	21.0	38.0	81.0	5.0	9.0	24.0	46.0	91.0
ELK1_410_422		0.0	0.0	0.0	1.0	3.0	0.0	1.0	0.0	1.0	4.0	1.0	3.0	1.0	1.0	2.0	1.0	0.0	0.0	1.0	0.0	-2.0	-1.0	0.0	2.0	1.0	-1.0	0.0	1.0	1.0	2.0	0.0	0.0	1.0	0.0	-1.0	0.0	0.0	2.0	-1.0	3.0	0.0	1.0	1.0	1.0	2.0	1.0	0.0	1.0	1.0	1.0	1.0	0.0	2.0	1.0	3.0	-1.0	0.0	0.0	2.0	1.0
H2B1B_ 27_40		1.0	2.0	2.0	4.0	8.0	0.0	1.0	4.0	8.0	12.0	1.0	1.0	4.0	9.0	17.0	1.0	2.0	5.0	9.0	18.0	0.0	0.0	1.0	3.0	11.0	-1.0	1.0	2.0	7.0	11.0	1.0	3.0	3.0	8.0	13.0	-1.0	2.0	2.0	5.0	10.0	0.0	2.0	3.0	2.0	11.0	0.0	-1.0	1.0	6.0	12.0	2.0	2.0	4.0	2.0	13.0	0.0	1.0	2.0	7.0	11.0
KIF2C_105_118_S106G		1.0	1.0	5.0	9.0	16.0	0.0	2.0	4.0	9.0	18.0	2.0	3.0	11.0	21.0	38.0	1.0	5.0	9.0	19.0	40.0	2.0	2.0	6.0	11.0	23.0	1.0	2.0	4.0	10.0	21.0	2.0	2.0	9.0	17.0	37.0	2.0	1.0	5.0	9.0	17.0	2.0	2.0	6.0	13.0	29.0	2.0	2.0	8.0	15.0	29.0	1.0	3.0	6.0	14.0	30.0	1.0	1.0	6.0	10.0	22.0
MP2K1_287_299		2.0	5.0	14.0	25.0	48.0	3.0	2.0	8.0	19.0	40.0	2.0	6.0	14.0	30.0	60.0	3.0	6.0	14.0	30.0	59.0	2.0	3.0	11.0	23.0	45.0	2.0	4.0	11.0	21.0	45.0	3.0	7.0	16.0	30.0	63.0	0.0	4.0	9.0	21.0	42.0	2.0	3.0	12.0	24.0	47.0	3.0	6.0	9.0	21.0	46.0	3.0	5.0	12.0	26.0	53.0	2.0	2.0	11.0	21.0	40.0
P53_12_24		1.0	1.0	2.0	2.0	7.0	0.0	2.0	2.0	4.0	7.0	0.0	0.0	2.0	4.0	7.0	0.0	3.0	2.0	5.0	6.0	-1.0	-1.0	1.0	4.0	6.0	1.0	1.0	0.0	2.0	6.0	-1.0	1.0	2.0	2.0	5.0	0.0	0.0	0.0	2.0	5.0	0.0	0.0	3.0	3.0	6.0	-2.0	1.0	2.0	3.0	7.0	0.0	0.0	1.0	3.0	5.0	1.0	0.0	1.0	2.0	7.0
RB_242_254		1.0	2.0	5.0	10.0	23.0	3.0	3.0	4.0	12.0	21.0	2.0	4.0	10.0	18.0	35.0	2.0	3.0	8.0	14.0	31.0	1.0	3.0	6.0	14.0	28.0	1.0	3.0	6.0	10.0	22.0	2.0	5.0	8.0	16.0	36.0	1.0	2.0	6.0	9.0	22.0	2.0	2.0	6.0	12.0	24.0	2.0	2.0	3.0	5.0	11.0	1.0	2.0	5.0	13.0	26.0	0.0	1.0	4.0	7.0	11.0
TLE2_246_258		0.0	0.0	2.0	4.0	5.0	2.0	-1.0	0.0	0.0	4.0	1.0	1.0	1.0	2.0	4.0	0.0	-1.0	1.0	2.0	4.0	0.0	0.0	0.0	1.0	3.0	1.0	0.0	0.0	2.0	2.0	1.0	1.0	-1.0	3.0	5.0	-2.0	0.0	2.0	2.0	3.0	0.0	1.0	2.0	-1.0	2.0	2.0	0.0	0.0	0.0	3.0	1.0	1.0	1.0	1.0	2.0	0.0	0.0	1.0	2.0	3.0
DESP_2842_2854		-1.0	0.0	1.0	2.0	4.0	1.0	0.0	2.0	2.0	5.0	0.0	0.0	2.0	2.0	5.0	0.0	0.0	0.0	0.0	4.0	-1.0	0.0	1.0	1.0	4.0	0.0	0.0	2.0	4.0	5.0	-1.0	0.0	1.0	3.0	5.0	0.0	0.0	0.0	1.0	3.0	2.0	0.0	1.0	3.0	4.0	0.0	-1.0	1.0	1.0	4.0	0.0	1.0	1.0	5.0	5.0	-1.0	0.0	2.0	3.0	3.0
NFKB1_330_342		0.0	0.0	1.0	3.0	4.0	1.0	1.0	2.0	2.0	5.0	0.0	2.0	2.0	2.0	5.0	0.0	3.0	3.0	3.0	6.0	-1.0	0.0	0.0	2.0	3.0	0.0	0.0	1.0	2.0	6.0	-1.0	1.0	3.0	2.0	4.0	0.0	0.0	0.0	2.0	6.0	0.0	0.0	1.0	2.0	4.0	0.0	2.0	1.0	1.0	4.0	0.0	0.0	2.0	2.0	3.0	0.0	0.0	0.0	2.0	4.0
F263_454_466		-1.0	0.0	1.0	1.0	4.0	0.0	0.0	2.0	2.0	6.0	0.0	0.0	1.0	3.0	9.0	0.0	1.0	3.0	5.0	7.0	1.0	1.0	2.0	2.0	8.0	0.0	1.0	2.0	4.0	8.0	1.0	0.0	5.0	9.0	18.0	0.0	2.0	1.0	3.0	8.0	0.0	-2.0	1.0	1.0	4.0	2.0	1.0	0.0	1.0	5.0	0.0	1.0	2.0	3.0	3.0	0.0	1.0	0.0	4.0	6.0
ANDR_785_797		4.0	5.0	13.0	27.0	53.0	3.0	4.0	11.0	23.0	44.0	4.0	8.0	19.0	40.0	83.0	5.0	9.0	20.0	42.0	83.0	3.0	5.0	11.0	27.0	56.0	3.0	7.0	12.0	27.0	56.0	3.0	10.0	20.0	40.0	86.0	0.0	4.0	12.0	25.0	51.0	4.0	6.0	16.0	31.0	62.0	1.0	5.0	13.0	24.0	51.0	3.0	5.0	13.0	23.0	49.0	3.0	5.0	9.0	21.0	48.0
CD27_212_224		1.0	3.0	6.0	11.0	23.0	1.0	2.0	7.0	13.0	26.0	1.0	5.0	11.0	23.0	49.0	2.0	5.0	12.0	24.0	50.0	1.0	2.0	7.0	15.0	28.0	1.0	3.0	9.0	13.0	28.0	3.0	4.0	13.0	24.0	46.0	0.0	1.0	5.0	12.0	25.0	1.0	3.0	8.0	17.0	35.0	1.0	5.0	12.0	21.0	45.0	2.0	4.0	8.0	20.0	36.0	2.0	2.0	7.0	15.0	33.0
ERBB2_679_691		5.0	8.0	21.0	45.0	91.0	5.0	10.0	26.0	52.0	108.0	10.0	18.0	49.0	99.0	197.0	11.0	23.0	56.0	113.0	227.0	5.0	13.0	34.0	65.0	137.0	4.0	9.0	27.0	57.0	117.0	11.0	22.0	57.0	111.0	218.0	4.0	10.0	21.0	43.0	90.0	6.0	15.0	34.0	68.0	141.0	7.0	20.0	51.0	104.0	208.0	8.0	13.0	33.0	67.0	138.0	2.0	12.0	32.0	67.0	134.0
H32_3_18		0.0	1.0	4.0	5.0	13.0	0.0	1.0	3.0	8.0	14.0	1.0	2.0	5.0	9.0	20.0	2.0	4.0	5.0	11.0	22.0	1.0	2.0	3.0	5.0	13.0	0.0	0.0	3.0	6.0	15.0	1.0	3.0	5.0	9.0	20.0	0.0	0.0	3.0	7.0	12.0	-1.0	2.0	4.0	6.0	14.0	1.0	2.0	3.0	8.0	17.0	0.0	0.0	5.0	8.0	14.0	-1.0	2.0	5.0	7.0	12.0
KPCB_19_31_A25S		1.0	6.0	11.0	20.0	44.0	2.0	5.0	10.0	22.0	42.0	5.0	8.0	24.0	45.0	96.0	5.0	10.0	24.0	46.0	94.0	1.0	6.0	14.0	27.0	57.0	2.0	1.0	12.0	26.0	54.0	5.0	9.0	23.0	45.0	98.0	0.0	4.0	8.0	19.0	39.0	3.0	6.0	16.0	30.0	63.0	5.0	5.0	20.0	40.0	83.0	4.0	4.0	15.0	25.0	56.0	3.0	4.0	11.0	20.0	40.0
MPH6_140_152		-1.0	-1.0	1.0	1.0	2.0	1.0	-1.0	0.0	0.0	0.0	-2.0	0.0	1.0	1.0	4.0	0.0	1.0	1.0	1.0	1.0	0.0	-1.0	1.0	2.0	4.0	1.0	-1.0	1.0	2.0	2.0	-1.0	0.0	-1.0	0.0	1.0	1.0	0.0	2.0	0.0	2.0	1.0	0.0	2.0	0.0	2.0	0.0	1.0	2.0	0.0	1.0	0.0	0.0	1.0	0.0	2.0	0.0	0.0	0.0	1.0	2.0
P53_308_323		1.0	0.0	2.0	3.0	5.0	0.0	2.0	2.0	3.0	7.0	1.0	0.0	3.0	3.0	8.0	-1.0	1.0	1.0	4.0	5.0	1.0	1.0	1.0	3.0	6.0	0.0	0.0	2.0	3.0	4.0	0.0	0.0	1.0	2.0	7.0	-1.0	0.0	3.0	2.0	8.0	1.0	1.0	2.0	3.0	5.0	2.0	1.0	2.0	1.0	5.0	1.0	0.0	1.0	1.0	6.0	1.0	0.0	0.0	3.0	5.0
RB_350_362		1.0	1.0	3.0	2.0	9.0	0.0	1.0	1.0	3.0	7.0	0.0	1.0	1.0	7.0	10.0	1.0	3.0	4.0	6.0	9.0	1.0	1.0	2.0	3.0	7.0	1.0	1.0	3.0	2.0	8.0	-1.0	1.0	2.0	5.0	6.0	1.0	0.0	1.0	5.0	6.0	0.0	0.0	3.0	3.0	7.0	1.0	1.0	2.0	4.0	7.0	1.0	1.0	2.0	3.0	6.0	2.0	0.0	2.0	3.0	6.0
TOP2A_1463_1475		-1.0	2.0	2.0	6.0	12.0	1.0	0.0	2.0	6.0	11.0	1.0	2.0	7.0	13.0	29.0	2.0	2.0	7.0	15.0	30.0	1.0	2.0	4.0	11.0	21.0	0.0	1.0	4.0	7.0	18.0	2.0	6.0	10.0	21.0	44.0	2.0	3.0	4.0	9.0	15.0	1.0	2.0	5.0	12.0	23.0	2.0	2.0	6.0	12.0	20.0	2.0	2.0	5.0	10.0	22.0	2.0	2.0	3.0	9.0	19.0
E1A_ADE05_212_224		4.0	5.0	14.0	29.0	61.0	0.0	4.0	9.0	18.0	35.0	10.0	22.0	58.0	116.0	226.0	10.0	21.0	53.0	109.0	216.0	5.0	13.0	30.0	62.0	128.0	5.0	8.0	24.0	46.0	96.0	9.0	23.0	58.0	117.0	235.0	2.0	5.0	14.0	33.0	62.0	7.0	17.0	42.0	85.0	170.0	6.0	11.0	24.0	48.0	99.0	10.0	17.0	47.0	91.0	187.0	6.0	11.0	28.0	59.0	117.0
PLM_76_88		1.0	0.0	1.0	4.0	9.0	0.0	-1.0	2.0	3.0	4.0	1.0	-1.0	2.0	6.0	11.0	0.0	1.0	1.0	5.0	8.0	2.0	1.0	3.0	3.0	6.0	1.0	1.0	3.0	5.0	8.0	-1.0	0.0	2.0	4.0	10.0	1.0	1.0	2.0	4.0	5.0	0.0	2.0	3.0	5.0	6.0	0.0	1.0	0.0	1.0	3.0	0.0	0.0	2.0	1.0	5.0	-1.0	0.0	1.0	3.0	4.0
KAP3_107_119		3.0	6.0	16.0	31.0	61.0	3.0	4.0	11.0	27.0	56.0	4.0	10.0	23.0	49.0	100.0	4.0	9.0	23.0	50.0	99.0	4.0	7.0	21.0	42.0	84.0	5.0	9.0	23.0	46.0	93.0	7.0	12.0	30.0	62.0	123.0	2.0	7.0	16.0	31.0	61.0	3.0	7.0	17.0	36.0	76.0	5.0	6.0	20.0	43.0	82.0	2.0	7.0	16.0	30.0	62.0	1.0	6.0	13.0	30.0	59.0
ANXA1_209_221		1.0	1.0	1.0	1.0	-1.0	-2.0	-2.0	-1.0	2.0	0.0	0.0	0.0	-1.0	-1.0	4.0	-1.0	-1.0	3.0	2.0	6.0	1.0	0.0	0.0	-2.0	4.0	2.0	-2.0	1.0	-3.0	2.0	0.0	0.0	0.0	-1.0	0.0	1.0	-1.0	1.0	-1.0	3.0	0.0	0.0	0.0	-1.0	4.0	1.0	-1.0	2.0	-1.0	1.0	-1.0	-1.0	-1.0	-2.0	-7.0	-2.0	-1.0	-1.0	-2.0	5.0
CDC2_154_169		0.0	2.0	1.0	2.0	8.0	0.0	-1.0	2.0	4.0	8.0	2.0	1.0	3.0	3.0	10.0	0.0	1.0	3.0	4.0	11.0	0.0	0.0	0.0	3.0	7.0	1.0	-1.0	1.0	5.0	8.0	2.0	-2.0	1.0	6.0	7.0	1.0	1.0	1.0	5.0	8.0	0.0	2.0	1.0	3.0	10.0	0.0	2.0	1.0	5.0	9.0	-1.0	-1.0	2.0	2.0	9.0	0.0	-1.0	2.0	1.0	9.0
ERF_519_531		0.0	2.0	0.0	2.0	3.0	-1.0	0.0	1.0	2.0	4.0	0.0	0.0	0.0	1.0	0.0	0.0	0.0	0.0	1.0	4.0	0.0	0.0	1.0	2.0	1.0	1.0	0.0	0.0	0.0	3.0	0.0	0.0	1.0	2.0	2.0	1.0	1.0	1.0	2.0	1.0	2.0	0.0	2.0	0.0	2.0	0.0	0.0	2.0	1.0	2.0	0.0	0.0	0.0	0.0	0.0	-1.0	0.0	0.0	1.0	2.0
IF4E_203_215		0.0	1.0	3.0	7.0	12.0	0.0	1.0	3.0	8.0	13.0	0.0	2.0	5.0	10.0	18.0	2.0	1.0	6.0	11.0	18.0	1.0	2.0	3.0	5.0	13.0	1.0	1.0	6.0	7.0	12.0	1.0	0.0	4.0	7.0	19.0	3.0	0.0	3.0	7.0	13.0	1.0	2.0	2.0	7.0	17.0	0.0	1.0	4.0	11.0	18.0	0.0	2.0	3.0	8.0	15.0	0.0	2.0	3.0	7.0	12.0
KPCB_626_639		1.0	3.0	2.0	3.0	6.0	2.0	0.0	0.0	3.0	7.0	-1.0	0.0	2.0	4.0	6.0	1.0	0.0	3.0	4.0	6.0	1.0	0.0	3.0	2.0	5.0	0.0	3.0	3.0	4.0	11.0	0.0	0.0	1.0	3.0	5.0	1.0	0.0	2.0	3.0	6.0	0.0	0.0	3.0	3.0	6.0	2.0	0.0	1.0	3.0	5.0	-1.0	1.0	2.0	3.0	7.0	-1.0	1.0	1.0	3.0	6.0
MPIP1_172_184		1.0	4.0	8.0	13.0	30.0	2.0	3.0	8.0	14.0	28.0	2.0	6.0	14.0	23.0	48.0	0.0	6.0	13.0	23.0	45.0	1.0	1.0	7.0	13.0	28.0	0.0	2.0	8.0	15.0	28.0	1.0	5.0	12.0	22.0	43.0	2.0	1.0	8.0	16.0	31.0	0.0	3.0	6.0	14.0	27.0	0.0	5.0	7.0	14.0	30.0	1.0	5.0	8.0	13.0	27.0	1.0	3.0	5.0	9.0	16.0
PDE5A_95_107		0.0	-1.0	0.0	0.0	4.0	-1.0	0.0	1.0	1.0	4.0	1.0	0.0	2.0	1.0	1.0	1.0	0.0	0.0	0.0	2.0	0.0	-1.0	0.0	2.0	2.0	1.0	0.0	2.0	1.0	3.0	0.0	1.0	1.0	1.0	2.0	-1.0	1.0	1.0	1.0	2.0	-1.0	-1.0	1.0	1.0	4.0	1.0	0.0	2.0	3.0	4.0	1.0	0.0	1.0	3.0	3.0	0.0	1.0	2.0	0.0	3.0
RB_774_786		0.0	-1.0	0.0	2.0	3.0	0.0	-1.0	0.0	1.0	3.0	1.0	0.0	2.0	3.0	4.0	1.0	1.0	1.0	3.0	6.0	0.0	0.0	1.0	3.0	4.0	-1.0	-1.0	0.0	2.0	3.0	0.0	-1.0	1.0	2.0	5.0	0.0	0.0	1.0	2.0	5.0	1.0	2.0	-1.0	3.0	3.0	0.0	1.0	2.0	2.0	3.0	0.0	0.0	0.0	3.0	3.0	1.0	0.0	2.0	1.0	2.0
VASP_150_162		-1.0	0.0	1.0	2.0	4.0	1.0	1.0	1.0	0.0	2.0	0.0	0.0	0.0	3.0	5.0	1.0	1.0	1.0	1.0	3.0	1.0	-2.0	1.0	2.0	3.0	0.0	-2.0	0.0	1.0	4.0	1.0	1.0	1.0	2.0	3.0	0.0	-1.0	1.0	1.0	1.0	-1.0	0.0	-1.0	1.0	3.0	-1.0	0.0	0.0	2.0	4.0	-1.0	2.0	1.0	2.0	3.0	0.0	1.0	1.0	2.0	3.0
EPB42_241_253		3.0	2.0	6.0	12.0	25.0	-1.0	3.0	6.0	12.0	24.0	1.0	4.0	9.0	21.0	42.0	1.0	3.0	9.0	18.0	35.0	1.0	3.0	7.0	12.0	26.0	2.0	3.0	8.0	16.0	28.0	3.0	3.0	11.0	21.0	42.0	-1.0	2.0	3.0	9.0	21.0	1.0	2.0	6.0	13.0	25.0	1.0	1.0	5.0	12.0	21.0	1.0	2.0	5.0	9.0	20.0	1.0	1.0	2.0	6.0	12.0
PTN12_32_44		1.0	2.0	6.0	10.0	23.0	0.0	2.0	6.0	13.0	23.0	3.0	6.0	14.0	30.0	58.0	3.0	5.0	17.0	31.0	63.0	1.0	4.0	10.0	18.0	36.0	1.0	3.0	8.0	14.0	36.0	4.0	7.0	18.0	38.0	79.0	1.0	2.0	6.0	12.0	21.0	1.0	4.0	8.0	16.0	36.0	1.0	3.0	12.0	26.0	51.0	1.0	2.0	9.0	18.0	36.0	2.0	3.0	4.0	13.0	27.0
KCNA6_504_516		-1.0	1.0	2.0	2.0	5.0	0.0	2.0	3.0	4.0	7.0	2.0	3.0	2.0	8.0	17.0	1.0	0.0	2.0	7.0	15.0	0.0	3.0	6.0	8.0	16.0	0.0	2.0	2.0	6.0	11.0	3.0	5.0	9.0	18.0	38.0	0.0	1.0	0.0	6.0	9.0	1.0	0.0	3.0	6.0	14.0	1.0	0.0	3.0	5.0	9.0	1.0	3.0	5.0	6.0	13.0	0.0	1.0	4.0	5.0	14.0
pVASP_150_164		188.0	363.0	913.0	1829.0	3506.0	140.0	285.0	708.0	1385.0	2733.0	255.0	501.0	1246.0	2473.0	3728.0	276.0	535.0	1338.0	2629.0	3708.0	199.0	397.0	982.0	1916.0	3722.0	204.0	401.0	1001.0	1952.0	3736.0	258.0	509.0	1276.0	2497.0	3706.0	201.0	397.0	999.0	1976.0	3755.0	219.0	443.0	1094.0	2152.0	3697.0	240.0	468.0	1200.0	2336.0	3704.0	233.0	463.0	1139.0	2310.0	3717.0	235.0	470.0	1195.0	2362.0	3690.0
CDK7_163_175		1.0	1.0	3.0	6.0	15.0	0.0	2.0	3.0	8.0	19.0	1.0	1.0	4.0	10.0	22.0	1.0	0.0	2.0	6.0	16.0	1.0	1.0	1.0	7.0	14.0	1.0	1.0	4.0	8.0	13.0	-1.0	1.0	3.0	7.0	20.0	1.0	0.0	3.0	6.0	14.0	0.0	2.0	3.0	6.0	18.0	2.0	-1.0	3.0	7.0	19.0	0.0	1.0	1.0	6.0	10.0	1.0	1.0	2.0	0.0	7.0
ESR1_160_172		2.0	2.0	8.0	16.0	32.0	1.0	2.0	6.0	11.0	19.0	4.0	8.0	21.0	38.0	76.0	5.0	8.0	22.0	46.0	88.0	3.0	3.0	14.0	30.0	55.0	2.0	4.0	9.0	20.0	40.0	5.0	7.0	22.0	44.0	92.0	1.0	4.0	10.0	19.0	40.0	5.0	3.0	18.0	37.0	72.0	4.0	8.0	24.0	49.0	94.0	2.0	6.0	20.0	42.0	84.0	3.0	7.0	18.0	36.0	81.0
IKBA_26_38		1.0	0.0	2.0	0.0	2.0	-2.0	-1.0	1.0	1.0	2.0	0.0	1.0	2.0	-1.0	2.0	0.0	1.0	0.0	-1.0	1.0	-1.0	1.0	1.0	2.0	1.0	0.0	0.0	0.0	2.0	1.0	1.0	1.0	0.0	1.0	3.0	-1.0	0.0	0.0	1.0	2.0	-1.0	0.0	0.0	2.0	2.0	-1.0	1.0	1.0	-1.0	0.0	0.0	1.0	-1.0	0.0	2.0	0.0	1.0	0.0	1.0	1.0
KS6A1_374_386		2.0	6.0	10.0	18.0	39.0	2.0	3.0	11.0	15.0	36.0	0.0	4.0	10.0	21.0	45.0	2.0	6.0	13.0	22.0	46.0	4.0	3.0	10.0	18.0	36.0	2.0	2.0	9.0	16.0	35.0	3.0	5.0	13.0	22.0	46.0	2.0	3.0	7.0	18.0	35.0	2.0	3.0	9.0	18.0	35.0	2.0	5.0	12.0	20.0	43.0	2.0	4.0	12.0	19.0	38.0	2.0	3.0	11.0	17.0	42.0
MPIP3_208_220		-1.0	1.0	2.0	4.0	7.0	1.0	0.0	3.0	4.0	8.0	1.0	-1.0	3.0	6.0	11.0	0.0	1.0	2.0	7.0	13.0	-1.0	0.0	3.0	3.0	10.0	2.0	1.0	1.0	4.0	8.0	-1.0	2.0	4.0	5.0	10.0	0.0	1.0	2.0	2.0	6.0	-1.0	1.0	1.0	3.0	8.0	0.0	0.0	3.0	4.0	10.0	1.0	0.0	1.0	5.0	7.0	0.0	0.0	2.0	2.0	5.0
PDPK1_27_39		-1.0	0.0	1.0	0.0	0.0	0.0	1.0	0.0	0.0	2.0	0.0	0.0	0.0	1.0	3.0	0.0	1.0	0.0	2.0	2.0	-1.0	1.0	1.0	0.0	3.0	0.0	2.0	0.0	-1.0	1.0	-1.0	1.0	-1.0	0.0	-1.0	1.0	0.0	-1.0	0.0	2.0	0.0	1.0	1.0	1.0	0.0	0.0	0.0	0.0	-1.0	2.0	0.0	0.0	1.0	2.0	2.0	1.0	1.0	0.0	0.0	3.0
RB_803_815		4.0	3.0	11.0	22.0	40.0	1.0	5.0	8.0	18.0	36.0	3.0	8.0	20.0	38.0	78.0	3.0	8.0	19.0	36.0	76.0	3.0	5.0	13.0	27.0	51.0	2.0	5.0	12.0	26.0	55.0	4.0	8.0	22.0	43.0	88.0	1.0	0.0	11.0	21.0	41.0	3.0	6.0	13.0	27.0	53.0	2.0	5.0	14.0	27.0	61.0	3.0	7.0	14.0	24.0	49.0	3.0	5.0	10.0	22.0	43.0
VASP_232_244		-1.0	0.0	0.0	1.0	3.0	1.0	0.0	1.0	2.0	3.0	-1.0	1.0	2.0	2.0	4.0	0.0	1.0	1.0	4.0	3.0	-1.0	0.0	0.0	2.0	6.0	-1.0	0.0	1.0	2.0	5.0	1.0	0.0	2.0	2.0	4.0	0.0	0.0	1.0	2.0	3.0	0.0	1.0	1.0	2.0	4.0	1.0	-2.0	2.0	2.0	5.0	0.0	0.0	0.0	1.0	3.0	0.0	0.0	2.0	2.0	4.0
GBRB2_427_439		0.0	2.0	7.0	13.0	27.0	2.0	5.0	8.0	16.0	30.0	3.0	7.0	19.0	35.0	75.0	1.0	7.0	15.0	32.0	62.0	2.0	3.0	12.0	22.0	45.0	2.0	3.0	11.0	20.0	41.0	3.0	5.0	18.0	32.0	64.0	1.0	3.0	8.0	14.0	28.0	2.0	4.0	10.0	23.0	42.0	4.0	5.0	11.0	24.0	48.0	2.0	5.0	12.0	22.0	44.0	1.0	4.0	7.0	16.0	36.0
PYGL_8_20		2.0	3.0	7.0	12.0	28.0	1.0	0.0	6.0	11.0	26.0	1.0	3.0	10.0	19.0	35.0	1.0	4.0	9.0	16.0	33.0	1.0	3.0	6.0	12.0	26.0	-1.0	2.0	8.0	15.0	30.0	2.0	3.0	10.0	21.0	43.0	2.0	2.0	5.0	11.0	21.0	0.0	1.0	6.0	11.0	26.0	0.0	3.0	8.0	14.0	26.0	0.0	2.0	5.0	10.0	23.0	0.0	2.0	3.0	8.0	18.0
TY3H_65_77		1.0	1.0	2.0	1.0	4.0	2.0	1.0	1.0	4.0	5.0	0.0	2.0	0.0	4.0	5.0	0.0	-1.0	3.0	2.0	4.0	0.0	1.0	1.0	2.0	7.0	1.0	0.0	2.0	3.0	4.0	0.0	1.0	2.0	5.0	8.0	0.0	2.0	1.0	2.0	3.0	-1.0	1.0	0.0	1.0	4.0	2.0	0.0	1.0	1.0	3.0	1.0	2.0	0.0	3.0	6.0	0.0	0.0	1.0	2.0	4.0