Barcode	Peptide	LFC	totalMeanLFC
710230321	ACM1_421_433	0.5982135242190121	0.15172986390017162
710230321	ACM1_421_433	0.4789208633108313	0.15172986390017162
710230321	ACM1_444_456	0.7487748964558394	0.023392023410306512
710230321	ACM1_444_456	0.3160274934476779	0.023392023410306512
710230321	ACM4_456_468	0.03179106691507938	-0.037938768250645606
710230321	ACM4_456_468	-0.03213262094080882	-0.037938768250645606
710230321	ACM5_494_506	0.10315773237176185	-0.010994752017757348
710230321	ACM5_494_506	0.0917397629550667	-0.010994752017757348
710230321	ACM5_498_510	0.1349614244954047	-0.03160760952253966
710230321	ACM5_498_510	-0.08365792904690927	-0.03160760952253966
710230321	ADDB_706_718	0.09181608736996161	-0.21984803825387092
710230321	ADDB_706_718	0.07910654499250658	-0.21984803825387092
710230321	ADRB2_338_350	-0.1077561803558833	-0.06354754891605581
710230321	ADRB2_338_350	0.18201807343033227	-0.06354754891605581
710230321	BAD_69_81	0.7483105677602153	-0.08043304199457146
710230321	BAD_69_81	-0.16529991605850824	-0.08043304199457146
710230321	BAD_93_105	0.292507023907409	-0.05149879681354156
710230321	BAD_93_105	-0.08229503801566818	-0.05149879681354156
710230321	CA2D1_494_506	0.0857037493680668	0.044686027142420405
710230321	CA2D1_494_506	-0.21676787214256965	0.044686027142420405
710230321	CAC1C_1974_1986	0.12271915825313329	-0.0694688557637347
710230321	CAC1C_1974_1986	0.03825551901000068	-0.0694688557637347
710230321	CD27_212_224	0.18637319853546597	0.17733819189299432
710230321	CD27_212_224	-0.09530696009572726	0.17733819189299432
710230321	CENPA_1_14	-0.5673494879270633	-0.27853467958818273
710230321	CENPA_1_14	-0.3000582330634023	-0.27853467958818273
710230321	CFTR_761_773	0.04973104540872253	-0.07017093058647145
710230321	CFTR_761_773	0.24195026772724937	-0.07017093058647145
710230321	CGHB_109_121	-0.49543127912958784	0.06063945315177963
710230321	CGHB_109_121	-0.490669166301549	0.06063945315177963
710230321	CREB1_126_138	-0.11146922255780378	-0.19840840041927646
710230321	CREB1_126_138	-0.028078523033434166	-0.19840840041927646
710230321	CSF1R_701_713	0.2939284137795779	-0.19501937239033232
710230321	CSF1R_701_713	-0.36176835941915364	-0.19501937239033232
710230321	E1A_ADE05_212_224	-0.7954440594319356	-0.2140143416891783
710230321	E1A_ADE05_212_224	-0.40493013265277433	-0.2140143416891783
710230321	ESR1_160_172	-0.2866061129878066	-0.3004549799660161
710230321	ESR1_160_172	-0.47787226941980965	-0.3004549799660161
710230321	FOXO3_25_37	0.11611122975309662	0.04474648528528865
710230321	FOXO3_25_37	-0.17141526305251542	0.04474648528528865
710230321	GBRB2_427_439	-0.22305496786514833	-0.05607105547508954
710230321	GBRB2_427_439	0.09270770731499223	-0.05607105547508954
710230321	GPR6_349_361	0.6401040549136168	-0.22751512854573422
710230321	GPR6_349_361	-0.1355149706564811	-0.22751512854573422
710230321	GRIK2_708_720	0.05784407457228413	-0.07994573704452525
710230321	GRIK2_708_720	0.01433943927251935	-0.07994573704452525
710230321	GSUB_61_73	-0.13857522990858184	-0.10318772910096152
710230321	GSUB_61_73	0.0896784989912085	-0.10318772910096152
710230321	GYS2_1_13	-0.06620015862149575	-0.04574670740001607
710230321	GYS2_1_13	0.08500322751286404	-0.04574670740001607
710230321	KAP2_92_104	0.2415632720065215	-0.023433757936899318
710230321	KAP2_92_104	0.3058486524289705	-0.023433757936899318
710230321	KAP3_107_119	0.013715993117028091	-0.09183450843802292
710230321	KAP3_107_119	0.28667724770431047	-0.09183450843802292
710230321	KCNA6_504_516	-0.014710783375440961	-0.2141827811216149
710230321	KCNA6_504_516	-0.38906922152013035	-0.2141827811216149
710230321	KIF2C_105_118_S106G	-0.08840100518197591	-0.2897138703408405
710230321	KIF2C_105_118_S106G	-0.3197181965115954	-0.2897138703408405
710230321	KPCB_19_31_A25S	0.17289045991887342	-0.21373335068765414
710230321	KPCB_19_31_A25S	-0.07915361766520501	-0.21373335068765414
710230321	KS6A1_374_386	-0.5419275897490365	-0.009424501503176272
710230321	KS6A1_374_386	0.2582035640628204	-0.009424501503176272
710230321	MARCS_152_164	0.31423370309736187	-0.006137024779035531
710230321	MARCS_152_164	0.022799869373137938	-0.006137024779035531
710230321	MARCS_160_172	0.4728603258756219	-0.033472582770544025
710230321	MARCS_160_172	-0.190656026370851	-0.033472582770544025
710230321	MBP_222_234	0.2615323806685623	0.005939693848706258
710230321	MBP_222_234	-0.1521897172136164	0.005939693848706258
710230321	MP2K1_287_299	0.06021752283410731	-0.056027809090461254
710230321	MP2K1_287_299	-0.029870529582137983	-0.056027809090461254
710230321	MPIP1_172_184	0.11778930330357174	-0.06268586876394999
710230321	MPIP1_172_184	0.29682094102920775	-0.06268586876394999
710230321	NCF1_296_308	0.2083471334419138	-0.17854997596024477
710230321	NCF1_296_308	-0.28798076296402453	-0.17854997596024477
710230321	NOS3_1171_1183	0.14887887769223518	-0.18817199240614468
710230321	NOS3_1171_1183	0.09638135307604401	-0.18817199240614468
710230321	NR4A1_344_356	0.3723431491443998	-0.22829977076166577
710230321	NR4A1_344_356	-0.06240290351839484	-0.22829977076166577
710230321	PLEK_106_118	-0.5537801587840843	-0.19372462640156862
710230321	PLEK_106_118	-0.6091955973676768	-0.19372462640156862
710230321	RAP1B_172_184	0.12936528976531836	-0.2667481368749982
710230321	RAP1B_172_184	-0.04392395639490232	-0.2667481368749982
710230321	RB_803_815	-0.18955095227705332	0.00195109007220808
710230321	RB_803_815	0.04622526775518665	0.00195109007220808
710230321	RBL2_655_667	0.13353076418191367	-0.15418485522710992
710230321	RBL2_655_667	-0.05917244377202646	-0.15418485522710992
710230321	STK6_283_295	-0.22239242133644765	-0.11592761807748793
710230321	STK6_283_295	-0.23271395449086185	-0.11592761807748793
710230321	VASP_271_283	-0.6647372666110272	-0.15510130659377522
710230321	VASP_271_283	-0.26661728986293376	-0.15510130659377522
710230322	ACM1_421_433	0.559166499843819	0.15172986390017162
710230322	ACM1_421_433	0.07795110193299504	0.15172986390017162
710230322	ACM1_444_456	0.32671315745273954	0.023392023410306512
710230322	ACM1_444_456	-0.25695989142410935	0.023392023410306512
710230322	ACM4_456_468	-1.0251534772283386	-0.037938768250645606
710230322	ACM4_456_468	-0.3582006220592673	-0.037938768250645606
710230322	ACM5_494_506	-0.879422582150271	-0.010994752017757348
710230322	ACM5_494_506	-0.5157327521880646	-0.010994752017757348
710230322	ACM5_498_510	-1.5189311729717634	-0.03160760952253966
710230322	ACM5_498_510	-0.3647802758588723	-0.03160760952253966
710230322	ADDB_706_718	0.01331045358337768	-0.21984803825387092
710230322	ADDB_706_718	0.20757954616762841	-0.21984803825387092
710230322	ADRB2_338_350	0.7204774713776372	-0.06354754891605581
710230322	ADRB2_338_350	-0.08890941586219547	-0.06354754891605581
710230322	BAD_69_81	-0.36773178450048727	-0.08043304199457146
710230322	BAD_69_81	-0.12553088208385876	-0.08043304199457146
710230322	BAD_93_105	-1.5924013902606147	-0.05149879681354156
710230322	BAD_93_105	-0.40211715051444497	-0.05149879681354156
710230322	CA2D1_494_506	0.28610001575173527	0.044686027142420405
710230322	CA2D1_494_506	-0.15819758574786924	0.044686027142420405
710230322	CAC1C_1974_1986	0.2693708685852245	-0.0694688557637347
710230322	CAC1C_1974_1986	0.47442368562673387	-0.0694688557637347
710230322	CD27_212_224	0.7029515619011528	0.17733819189299432
710230322	CD27_212_224	-0.18461212493149315	0.17733819189299432
710230322	CENPA_1_14	0.5217778098697821	-0.27853467958818273
710230322	CENPA_1_14	-0.7175013020523906	-0.27853467958818273
710230322	CFTR_761_773	0.757629548277631	-0.07017093058647145
710230322	CFTR_761_773	2.792971003894949	-0.07017093058647145
710230322	CGHB_109_121	4.740189071316558	0.06063945315177963
710230322	CGHB_109_121	-1.3539727195398008	0.06063945315177963
710230322	CREB1_126_138	0.31247903136848487	-0.19840840041927646
710230322	CREB1_126_138	0.9707656878125519	-0.19840840041927646
710230322	CSF1R_701_713	-0.0480408995419257	-0.19501937239033232
710230322	CSF1R_701_713	0.520062725928061	-0.19501937239033232
710230322	E1A_ADE05_212_224	4.14059504414719	-0.2140143416891783
710230322	E1A_ADE05_212_224	-0.8984345670314315	-0.2140143416891783
710230322	ESR1_160_172	1.453870965485455	-0.3004549799660161
710230322	ESR1_160_172	-0.9709550775920208	-0.3004549799660161
710230322	FOXO3_25_37	0.25155255942564647	0.04474648528528865
710230322	FOXO3_25_37	-0.2858073971146746	0.04474648528528865
710230322	GBRB2_427_439	0.6870711200120301	-0.05607105547508954
710230322	GBRB2_427_439	1.5991697728637497	-0.05607105547508954
710230322	GPR6_349_361	0.032421477692377465	-0.22751512854573422
710230322	GPR6_349_361	-0.23558972371802467	-0.22751512854573422
710230322	GRIK2_708_720	0.9385994553358565	-0.07994573704452525
710230322	GRIK2_708_720	2.638278315253613	-0.07994573704452525
710230322	GSUB_61_73	0.22786755140259896	-0.10318772910096152
710230322	GSUB_61_73	-0.2889776730860758	-0.10318772910096152
710230322	GYS2_1_13	0.2964733752463813	-0.04574670740001607
710230322	GYS2_1_13	-0.43845366393265905	-0.04574670740001607
710230322	KAP2_92_104	0.8005057911413846	-0.023433757936899318
710230322	KAP2_92_104	-0.49929435023009194	-0.023433757936899318
710230322	KAP3_107_119	0.7662142784070456	-0.09183450843802292
710230322	KAP3_107_119	0.24761153716032513	-0.09183450843802292
710230322	KCNA6_504_516	1.6649618227863758	-0.2141827811216149
710230322	KCNA6_504_516	1.7699597184786713	-0.2141827811216149
710230322	KIF2C_105_118_S106G	0.4275960344124563	-0.2897138703408405
710230322	KIF2C_105_118_S106G	-0.770362574625751	-0.2897138703408405
710230322	KPCB_19_31_A25S	0.1423397989638966	-0.21373335068765414
710230322	KPCB_19_31_A25S	-0.42821492774666847	-0.21373335068765414
710230322	KS6A1_374_386	0.33677227307473423	-0.009424501503176272
710230322	KS6A1_374_386	-0.16730068482181348	-0.009424501503176272
710230322	MARCS_152_164	0.004707002677528216	-0.006137024779035531
710230322	MARCS_152_164	-1.0121747139461021	-0.006137024779035531
710230322	MARCS_160_172	0.29152535015787384	-0.033472582770544025
710230322	MARCS_160_172	-1.2493130180443366	-0.033472582770544025
710230322	MBP_222_234	0.40093596932715236	0.005939693848706258
710230322	MBP_222_234	-0.4422618539551637	0.005939693848706258
710230322	MP2K1_287_299	-0.1170637854828378	-0.056027809090461254
710230322	MP2K1_287_299	-0.35029983916403484	-0.056027809090461254
710230322	MPIP1_172_184	0.05374822766823062	-0.06268586876394999
710230322	MPIP1_172_184	0.1295263772241766	-0.06268586876394999
710230322	NCF1_296_308	0.4484479145451141	-0.17854997596024477
710230322	NCF1_296_308	0.02944377789248165	-0.17854997596024477
710230322	NOS3_1171_1183	0.24200812925784287	-0.18817199240614468
710230322	NOS3_1171_1183	-0.5503150407881048	-0.18817199240614468
710230322	NR4A1_344_356	0.17772977132897427	-0.22829977076166577
710230322	NR4A1_344_356	-0.8184570922473595	-0.22829977076166577
710230322	PLEK_106_118	2.2583588465310767	-0.19372462640156862
710230322	PLEK_106_118	-1.1995385106726015	-0.19372462640156862
710230322	RAP1B_172_184	-0.022589011767684575	-0.2667481368749982
710230322	RAP1B_172_184	-0.21183864317570666	-0.2667481368749982
710230322	RB_803_815	0.2777926853011232	0.00195109007220808
710230322	RB_803_815	-0.513948764665547	0.00195109007220808
710230322	RBL2_655_667	0.5396664150683099	-0.15418485522710992
710230322	RBL2_655_667	-0.5488233821853159	-0.15418485522710992
710230322	STK6_283_295	0.8343034270923289	-0.11592761807748793
710230322	STK6_283_295	-0.7804073419899602	-0.11592761807748793
710230322	VASP_271_283	3.3300331445244176	-0.15510130659377522
710230322	VASP_271_283	-1.2086260564091562	-0.15510130659377522
710230323	ACM1_421_433	0.21580387645508914	0.15172986390017162
710230323	ACM1_421_433	-0.1566569524512662	0.15172986390017162
710230323	ACM1_444_456	0.46546692612198415	0.023392023410306512
710230323	ACM1_444_456	0.33819471004169976	0.023392023410306512
710230323	ACM4_456_468	-0.25913522767411123	-0.037938768250645606
710230323	ACM4_456_468	0.14359085362884993	-0.037938768250645606
710230323	ACM5_494_506	-0.17347855757858266	-0.010994752017757348
710230323	ACM5_494_506	-0.020409249436500687	-0.010994752017757348
710230323	ACM5_498_510	-0.05475206982174097	-0.03160760952253966
710230323	ACM5_498_510	0.03114598144919789	-0.03160760952253966
710230323	ADDB_706_718	-0.43738142049663686	-0.21984803825387092
710230323	ADDB_706_718	-0.269748230562314	-0.21984803825387092
710230323	ADRB2_338_350	0.03669479998068237	-0.06354754891605581
710230323	ADRB2_338_350	-0.31002132820318895	-0.06354754891605581
710230323	BAD_69_81	-0.16542360920737176	-0.08043304199457146
710230323	BAD_69_81	-0.039892727123512994	-0.08043304199457146
710230323	BAD_93_105	-0.15188668605071687	-0.05149879681354156
710230323	BAD_93_105	0.009108100926791707	-0.05149879681354156
710230323	CA2D1_494_506	-0.666210821249809	0.044686027142420405
710230323	CA2D1_494_506	-0.0772728563407723	0.044686027142420405
710230323	CAC1C_1974_1986	-0.07654993934444132	-0.0694688557637347
710230323	CAC1C_1974_1986	-0.34979392884203175	-0.0694688557637347
710230323	CD27_212_224	0.16077599203172444	0.17733819189299432
710230323	CD27_212_224	-0.007916042032842796	0.17733819189299432
710230323	CENPA_1_14	0.3275122131590642	-0.27853467958818273
710230323	CENPA_1_14	-0.20978041173546202	-0.27853467958818273
710230323	CFTR_761_773	-0.24056545317344113	-0.07017093058647145
710230323	CFTR_761_773	-0.11669379501127253	-0.07017093058647145
710230323	CGHB_109_121	0.4820950253004703	0.06063945315177963
710230323	CGHB_109_121	-0.4960112795432199	0.06063945315177963
710230323	CREB1_126_138	-0.017367131970088323	-0.19840840041927646
710230323	CREB1_126_138	-0.19576172430653926	-0.19840840041927646
710230323	CSF1R_701_713	-0.1822935588727308	-0.19501937239033232
710230323	CSF1R_701_713	-0.3690620704784573	-0.19501937239033232
710230323	E1A_ADE05_212_224	0.1781568961443245	-0.2140143416891783
710230323	E1A_ADE05_212_224	-0.5270932388281899	-0.2140143416891783
710230323	ESR1_160_172	0.38874047801266176	-0.3004549799660161
710230323	ESR1_160_172	-0.3055064179494593	-0.3004549799660161
710230323	FOXO3_25_37	0.12826856833968225	0.04474648528528865
710230323	FOXO3_25_37	0.07749851372858796	0.04474648528528865
710230323	GBRB2_427_439	0.30733790649048665	-0.05607105547508954
710230323	GBRB2_427_439	-0.2370991111296714	-0.05607105547508954
710230323	GPR6_349_361	-0.0735139243162446	-0.22751512854573422
710230323	GPR6_349_361	-0.47985522462527097	-0.22751512854573422
710230323	GRIK2_708_720	0.2787160280660639	-0.07994573704452525
710230323	GRIK2_708_720	-0.0641303374197153	-0.07994573704452525
710230323	GSUB_61_73	0.003925703213799814	-0.10318772910096152
710230323	GSUB_61_73	-0.2545151734783455	-0.10318772910096152
710230323	GYS2_1_13	-0.4114666622726135	-0.04574670740001607
710230323	GYS2_1_13	0.08472601357177023	-0.04574670740001607
710230323	KAP2_92_104	0.5808108574506887	-0.023433757936899318
710230323	KAP2_92_104	-0.0716426694931398	-0.023433757936899318
710230323	KAP3_107_119	-0.03303718597980776	-0.09183450843802292
710230323	KAP3_107_119	0.15881148286652014	-0.09183450843802292
710230323	KCNA6_504_516	0.6573314318772558	-0.2141827811216149
710230323	KCNA6_504_516	-0.3250898209849078	-0.2141827811216149
710230323	KIF2C_105_118_S106G	0.3355680882789116	-0.2897138703408405
710230323	KIF2C_105_118_S106G	-0.37608232004396047	-0.2897138703408405
710230323	KPCB_19_31_A25S	0.05032426688438019	-0.21373335068765414
710230323	KPCB_19_31_A25S	-0.05165110913461657	-0.21373335068765414
710230323	KS6A1_374_386	-0.21865540518218118	-0.009424501503176272
710230323	KS6A1_374_386	-0.01444151238848601	-0.009424501503176272
710230323	MARCS_152_164	0.3916776183242252	-0.006137024779035531
710230323	MARCS_152_164	0.033143052174672505	-0.006137024779035531
710230323	MARCS_160_172	0.20058555414410817	-0.033472582770544025
710230323	MARCS_160_172	-0.05439229681862745	-0.033472582770544025
710230323	MBP_222_234	-0.06024654243685745	0.005939693848706258
710230323	MBP_222_234	0.16723591391467263	0.005939693848706258
710230323	MP2K1_287_299	-0.11053735585276048	-0.056027809090461254
710230323	MP2K1_287_299	-0.07883905252071433	-0.056027809090461254
710230323	MPIP1_172_184	-0.11653374990281229	-0.06268586876394999
710230323	MPIP1_172_184	0.13849619510630085	-0.06268586876394999
710230323	NCF1_296_308	0.5363400640537446	-0.17854997596024477
710230323	NCF1_296_308	-0.15130103651997118	-0.17854997596024477
710230323	NOS3_1171_1183	-0.3819468857091852	-0.18817199240614468
710230323	NOS3_1171_1183	0.03927998766181151	-0.18817199240614468
710230323	NR4A1_344_356	0.44156172549059036	-0.22829977076166577
710230323	NR4A1_344_356	0.047727089003129386	-0.22829977076166577
710230323	PLEK_106_118	0.7229436007349275	-0.19372462640156862
710230323	PLEK_106_118	-0.18561631396033462	-0.19372462640156862
710230323	RAP1B_172_184	-0.010360511605721712	-0.2667481368749982
710230323	RAP1B_172_184	0.058352238478292406	-0.2667481368749982
710230323	RB_803_815	-0.34422834675620173	0.00195109007220808
710230323	RB_803_815	-0.0681118900179003	0.00195109007220808
710230323	RBL2_655_667	-0.08576806228219258	-0.15418485522710992
710230323	RBL2_655_667	0.15167216213475943	-0.15418485522710992
710230323	STK6_283_295	0.3274936054685309	-0.11592761807748793
710230323	STK6_283_295	-0.19414065075707043	-0.11592761807748793
710230323	VASP_271_283	1.005277549660331	-0.15510130659377522
710230323	VASP_271_283	-0.22168036612190978	-0.15510130659377522
710317302	ACM1_421_433	-0.3608637574343052	0.15172986390017162
710317302	ACM1_421_433	0.44944151822162937	0.15172986390017162
710317302	ACM1_444_456	-0.11345804978328378	0.023392023410306512
710317302	ACM1_444_456	-0.12412131182918751	0.023392023410306512
710317302	ACM4_456_468	-0.4102603590169718	-0.037938768250645606
710317302	ACM4_456_468	0.2550999274465786	-0.037938768250645606
710317302	ACM5_494_506	-0.6032617220575407	-0.010994752017757348
710317302	ACM5_494_506	0.2730549929211463	-0.010994752017757348
710317302	ACM5_498_510	-0.05973794639213903	-0.03160760952253966
710317302	ACM5_498_510	0.2204425291093255	-0.03160760952253966
710317302	ADDB_706_718	-0.07038932789139807	-0.21984803825387092
710317302	ADDB_706_718	0.06354179458085607	-0.21984803825387092
710317302	ADRB2_338_350	-0.438442103613788	-0.06354754891605581
710317302	ADRB2_338_350	-0.5591224957858967	-0.06354754891605581
710317302	BAD_69_81	0.1334309874086279	-0.08043304199457146
710317302	BAD_69_81	-0.057333175065951814	-0.08043304199457146
710317302	BAD_93_105	-0.23657446420285844	-0.05149879681354156
710317302	BAD_93_105	0.16554320527595312	-0.05149879681354156
710317302	CA2D1_494_506	-0.3489952219189014	0.044686027142420405
710317302	CA2D1_494_506	0.1562904518481485	0.044686027142420405
710317302	CAC1C_1974_1986	-0.4039992278263953	-0.0694688557637347
710317302	CAC1C_1974_1986	0.09383057163513575	-0.0694688557637347
710317302	CD27_212_224	0.18489984540984938	0.17733819189299432
710317302	CD27_212_224	0.04013939085321461	0.17733819189299432
710317302	CENPA_1_14	0.08503610385579918	-0.27853467958818273
710317302	CENPA_1_14	0.13294764088738908	-0.27853467958818273
710317302	CFTR_761_773	0.10910608518932197	-0.07017093058647145
710317302	CFTR_761_773	-0.1416559257108565	-0.07017093058647145
710317302	CGHB_109_121	-1.070814650724929	0.06063945315177963
710317302	CGHB_109_121	0.14213569787516533	0.06063945315177963
710317302	CREB1_126_138	-0.2234543978591077	-0.19840840041927646
710317302	CREB1_126_138	-0.16332226661806537	-0.19840840041927646
710317302	CSF1R_701_713	0.20131542058985907	-0.19501937239033232
710317302	CSF1R_701_713	-0.23371883900923818	-0.19501937239033232
710317302	E1A_ADE05_212_224	-0.7711571742808108	-0.2140143416891783
710317302	E1A_ADE05_212_224	-0.07294216654683439	-0.2140143416891783
710317302	ESR1_160_172	-0.6883402405664651	-0.3004549799660161
710317302	ESR1_160_172	0.21535263099367263	-0.3004549799660161
710317302	FOXO3_25_37	-0.1866766688932513	0.04474648528528865
710317302	FOXO3_25_37	0.015516524319839853	0.04474648528528865
710317302	GBRB2_427_439	0.19366070279313163	-0.05607105547508954
710317302	GBRB2_427_439	-0.2498590170860604	-0.05607105547508954
710317302	GPR6_349_361	0.6137665293685344	-0.22751512854573422
710317302	GPR6_349_361	-0.1080597458574526	-0.22751512854573422
710317302	GRIK2_708_720	0.24582511580157052	-0.07994573704452525
710317302	GRIK2_708_720	-0.2426553252289536	-0.07994573704452525
710317302	GSUB_61_73	0.29647136540162267	-0.10318772910096152
710317302	GSUB_61_73	-0.1378495352735718	-0.10318772910096152
710317302	GYS2_1_13	-0.08412031578175672	-0.04574670740001607
710317302	GYS2_1_13	0.15293312542160553	-0.04574670740001607
710317302	KAP2_92_104	-0.15332849091161815	-0.023433757936899318
710317302	KAP2_92_104	0.039191463013786176	-0.023433757936899318
710317302	KAP3_107_119	-0.15842936260448237	-0.09183450843802292
710317302	KAP3_107_119	-0.006600217570011502	-0.09183450843802292
710317302	KCNA6_504_516	0.5885737542735348	-0.2141827811216149
710317302	KCNA6_504_516	-0.19358647767621617	-0.2141827811216149
710317302	KIF2C_105_118_S106G	0.11699664361713724	-0.2897138703408405
710317302	KIF2C_105_118_S106G	0.018042597381882075	-0.2897138703408405
710317302	KPCB_19_31_A25S	-0.03304996606689503	-0.21373335068765414
710317302	KPCB_19_31_A25S	-0.015016176821851523	-0.21373335068765414
710317302	KS6A1_374_386	-0.13426672914824156	-0.009424501503176272
710317302	KS6A1_374_386	0.060423196088556175	-0.009424501503176272
710317302	MARCS_152_164	0.03718492033364962	-0.006137024779035531
710317302	MARCS_152_164	-0.0978473233981445	-0.006137024779035531
710317302	MARCS_160_172	-0.20907993521710955	-0.033472582770544025
710317302	MARCS_160_172	-0.12759142740513596	-0.033472582770544025
710317302	MBP_222_234	-0.14772541156704655	0.005939693848706258
710317302	MBP_222_234	-0.3182986714866711	0.005939693848706258
710317302	MP2K1_287_299	-0.31719017588069853	-0.056027809090461254
710317302	MP2K1_287_299	-0.01740967825962869	-0.056027809090461254
710317302	MPIP1_172_184	-0.05858505817403259	-0.06268586876394999
710317302	MPIP1_172_184	-0.07674482293122153	-0.06268586876394999
710317302	NCF1_296_308	0.10912172238011264	-0.17854997596024477
710317302	NCF1_296_308	-0.12348305343499977	-0.17854997596024477
710317302	NOS3_1171_1183	-0.039240804131951634	-0.18817199240614468
710317302	NOS3_1171_1183	-0.47180081393005846	-0.18817199240614468
710317302	NR4A1_344_356	-0.029104345192522807	-0.22829977076166577
710317302	NR4A1_344_356	0.030747123647818064	-0.22829977076166577
710317302	PLEK_106_118	-0.40714311547196846	-0.19372462640156862
710317302	PLEK_106_118	0.15249640685074173	-0.19372462640156862
710317302	RAP1B_172_184	0.0542770609831984	-0.2667481368749982
710317302	RAP1B_172_184	0.1781926174259123	-0.2667481368749982
710317302	RB_803_815	-0.19017779647127853	0.00195109007220808
710317302	RB_803_815	-0.04627842023405826	0.00195109007220808
710317302	RBL2_655_667	-0.1644808627521841	-0.15418485522710992
710317302	RBL2_655_667	-0.32655954361900763	-0.15418485522710992
710317302	STK6_283_295	-0.434521706354313	-0.11592761807748793
710317302	STK6_283_295	0.1129131548943576	-0.11592761807748793
710317302	VASP_271_283	-0.5771851501294369	-0.15510130659377522
710317302	VASP_271_283	0.05749981613352251	-0.15510130659377522
710317303	ACM1_421_433	-0.5837128730632184	0.15172986390017162
710317303	ACM1_421_433	-0.7916827638752748	0.15172986390017162
710317303	ACM1_444_456	-0.1770940744078806	0.023392023410306512
710317303	ACM1_444_456	-0.7110288049825799	0.023392023410306512
710317303	ACM4_456_468	-0.21818017004953383	-0.037938768250645606
710317303	ACM4_456_468	-1.1305315631422252	-0.037938768250645606
710317303	ACM5_494_506	-0.17365151526264722	-0.010994752017757348
710317303	ACM5_494_506	-1.1000958347075889	-0.010994752017757348
710317303	ACM5_498_510	-0.28239973070072466	-0.03160760952253966
710317303	ACM5_498_510	-1.211898753989085	-0.03160760952253966
710317303	ADDB_706_718	-0.047305714778356656	-0.21984803825387092
710317303	ADDB_706_718	-0.6550543963795881	-0.21984803825387092
710317303	ADRB2_338_350	-0.1375035237499347	-0.06354754891605581
710317303	ADRB2_338_350	-0.9296106721086019	-0.06354754891605581
710317303	BAD_69_81	-0.43907119147850215	-0.08043304199457146
710317303	BAD_69_81	-0.5510990488548719	-0.08043304199457146
710317303	BAD_93_105	0.026770751463837783	-0.05149879681354156
710317303	BAD_93_105	-0.6816269559715051	-0.05149879681354156
710317303	CA2D1_494_506	-0.012580060249182345	0.044686027142420405
710317303	CA2D1_494_506	-0.6498214279620891	0.044686027142420405
710317303	CAC1C_1974_1986	0.14307378179288044	-0.0694688557637347
710317303	CAC1C_1974_1986	-0.784403140172405	-0.0694688557637347
710317303	CD27_212_224	-0.01547140876244013	0.17733819189299432
710317303	CD27_212_224	-0.9316130250197503	0.17733819189299432
710317303	CENPA_1_14	-0.10044790566533468	-0.27853467958818273
710317303	CENPA_1_14	-0.8557325553345558	-0.27853467958818273
710317303	CFTR_761_773	0.318626731797111	-0.07017093058647145
710317303	CFTR_761_773	-1.204999313603662	-0.07017093058647145
710317303	CGHB_109_121	-0.5801503046621068	0.06063945315177963
710317303	CGHB_109_121	-2.311708252569484	0.06063945315177963
710317303	CREB1_126_138	0.0030213519752368967	-0.19840840041927646
710317303	CREB1_126_138	-0.911839811580252	-0.19840840041927646
710317303	CSF1R_701_713	0.10180228052285889	-0.19501937239033232
710317303	CSF1R_701_713	-0.7566479600279057	-0.19501937239033232
710317303	E1A_ADE05_212_224	-0.41489442444946256	-0.2140143416891783
710317303	E1A_ADE05_212_224	-1.9115407045204016	-0.2140143416891783
710317303	ESR1_160_172	-0.4873790535045206	-0.3004549799660161
710317303	ESR1_160_172	-1.1994197156612039	-0.3004549799660161
710317303	FOXO3_25_37	-0.027733642139472714	0.04474648528528865
710317303	FOXO3_25_37	-0.9065610887590223	0.04474648528528865
710317303	GBRB2_427_439	-0.13350159319243815	-0.05607105547508954
710317303	GBRB2_427_439	-1.1888982868893048	-0.05607105547508954
710317303	GPR6_349_361	0.5777669993169523	-0.22751512854573422
710317303	GPR6_349_361	-0.4000204636381208	-0.22751512854573422
710317303	GRIK2_708_720	-0.3286227474613703	-0.07994573704452525
710317303	GRIK2_708_720	-1.3196896226913628	-0.07994573704452525
710317303	GSUB_61_73	-0.17402939977504905	-0.10318772910096152
710317303	GSUB_61_73	-0.6121327018866265	-0.10318772910096152
710317303	GYS2_1_13	0.01449242974356224	-0.04574670740001607
710317303	GYS2_1_13	-0.48153291106575047	-0.04574670740001607
710317303	KAP2_92_104	0.14647964440805872	-0.023433757936899318
710317303	KAP2_92_104	-0.9389127373593862	-0.023433757936899318
710317303	KAP3_107_119	0.1449769673456709	-0.09183450843802292
710317303	KAP3_107_119	-1.0039871836734369	-0.09183450843802292
710317303	KCNA6_504_516	-0.566918325251395	-0.2141827811216149
710317303	KCNA6_504_516	-2.0086996949503853	-0.2141827811216149
710317303	KIF2C_105_118_S106G	-0.15306156380866165	-0.2897138703408405
710317303	KIF2C_105_118_S106G	-1.066042277359942	-0.2897138703408405
710317303	KPCB_19_31_A25S	-0.08867122982997966	-0.21373335068765414
710317303	KPCB_19_31_A25S	-1.3222112260904861	-0.21373335068765414
710317303	KS6A1_374_386	-0.07558335180646836	-0.009424501503176272
710317303	KS6A1_374_386	-0.4001115802605586	-0.009424501503176272
710317303	MARCS_152_164	0.17487421741404585	-0.006137024779035531
710317303	MARCS_152_164	-0.6528195879662877	-0.006137024779035531
710317303	MARCS_160_172	0.07528812730423784	-0.033472582770544025
710317303	MARCS_160_172	-1.194668398886753	-0.033472582770544025
710317303	MBP_222_234	0.11047994389075644	0.005939693848706258
710317303	MBP_222_234	-0.7844469154253213	0.005939693848706258
710317303	MP2K1_287_299	-0.021933286242865613	-0.056027809090461254
710317303	MP2K1_287_299	-0.5858334304432828	-0.056027809090461254
710317303	MPIP1_172_184	0.05253819401374482	-0.06268586876394999
710317303	MPIP1_172_184	-0.48217159094901163	-0.06268586876394999
710317303	NCF1_296_308	0.701059565644027	-0.17854997596024477
710317303	NCF1_296_308	-0.8619553641448698	-0.17854997596024477
710317303	NOS3_1171_1183	0.17282363702965142	-0.18817199240614468
710317303	NOS3_1171_1183	-0.8443423128150256	-0.18817199240614468
710317303	NR4A1_344_356	-0.23651553303343364	-0.22829977076166577
710317303	NR4A1_344_356	-0.8156668862806442	-0.22829977076166577
710317303	PLEK_106_118	-0.2975352791984802	-0.19372462640156862
710317303	PLEK_106_118	-1.8329149503426496	-0.19372462640156862
710317303	RAP1B_172_184	-0.13409289558728243	-0.2667481368749982
710317303	RAP1B_172_184	-0.7330211076600937	-0.2667481368749982
710317303	RB_803_815	0.06596326237835815	0.00195109007220808
710317303	RB_803_815	-1.0924462487645954	0.00195109007220808
710317303	RBL2_655_667	0.1880409165456709	-0.15418485522710992
710317303	RBL2_655_667	-0.5899736035046419	-0.15418485522710992
710317303	STK6_283_295	-0.10487924835680129	-0.11592761807748793
710317303	STK6_283_295	-1.369470026619319	-0.11592761807748793
710317303	VASP_271_283	-0.6949109673390419	-0.15510130659377522
710317303	VASP_271_283	-2.246470560959345	-0.15510130659377522
710317305	ACM1_421_433	0.17113582404035999	0.15172986390017162
710317305	ACM1_421_433	0.3601438521307063	0.15172986390017162
710317305	ACM1_444_456	-0.4582906972327274	0.023392023410306512
710317305	ACM1_444_456	-0.1186444964986193	0.023392023410306512
710317305	ACM4_456_468	0.09556142100561704	-0.037938768250645606
710317305	ACM4_456_468	-0.07903145378300724	-0.037938768250645606
710317305	ACM5_494_506	0.43830727860169105	-0.010994752017757348
710317305	ACM5_494_506	0.16903758815489578	-0.010994752017757348
710317305	ACM5_498_510	0.4351840723906202	-0.03160760952253966
710317305	ACM5_498_510	-0.01042819971692932	-0.03160760952253966
710317305	ADDB_706_718	-0.15913581575214497	-0.21984803825387092
710317305	ADDB_706_718	-0.25589822455216504	-0.21984803825387092
710317305	ADRB2_338_350	0.10663284849122734	-0.06354754891605581
710317305	ADRB2_338_350	-0.13565509935756603	-0.06354754891605581
710317305	BAD_69_81	-0.502500340529183	-0.08043304199457146
710317305	BAD_69_81	-0.40174067666538615	-0.08043304199457146
710317305	BAD_93_105	0.17070839919131853	-0.05149879681354156
710317305	BAD_93_105	0.12715200468026921	-0.05149879681354156
710317305	CA2D1_494_506	0.035607922507235656	0.044686027142420405
710317305	CA2D1_494_506	0.18865280792024208	0.044686027142420405
710317305	CAC1C_1974_1986	-0.02914634565951646	-0.0694688557637347
710317305	CAC1C_1974_1986	0.01852008797079785	-0.0694688557637347
710317305	CD27_212_224	0.36501532580210316	0.17733819189299432
710317305	CD27_212_224	-0.18882561538852727	0.17733819189299432
710317305	CENPA_1_14	0.32217447778282793	-0.27853467958818273
710317305	CENPA_1_14	0.09362540292986044	-0.27853467958818273
710317305	CFTR_761_773	0.14565863100945542	-0.07017093058647145
710317305	CFTR_761_773	-0.4967402917737971	-0.07017093058647145
710317305	CGHB_109_121	0.6402057480456937	0.06063945315177963
710317305	CGHB_109_121	-0.13188637712368223	0.06063945315177963
710317305	CREB1_126_138	-0.7318038890504273	-0.19840840041927646
710317305	CREB1_126_138	-0.6308783357765146	-0.19840840041927646
710317305	CSF1R_701_713	-0.24623916329081608	-0.19501937239033232
710317305	CSF1R_701_713	-0.07858202397568004	-0.19501937239033232
710317305	E1A_ADE05_212_224	-0.7873016951544747	-0.2140143416891783
710317305	E1A_ADE05_212_224	-0.6699578368816619	-0.2140143416891783
710317305	ESR1_160_172	0.39335958586067843	-0.3004549799660161
710317305	ESR1_160_172	-0.08522462162171696	-0.3004549799660161
710317305	FOXO3_25_37	0.2136478745131276	0.04474648528528865
710317305	FOXO3_25_37	0.4696508235442689	0.04474648528528865
710317305	GBRB2_427_439	0.16736929653855626	-0.05607105547508954
710317305	GBRB2_427_439	-0.34300781300618954	-0.05607105547508954
710317305	GPR6_349_361	-0.5405683813627027	-0.22751512854573422
710317305	GPR6_349_361	-0.13326653086346418	-0.22751512854573422
710317305	GRIK2_708_720	-0.19576172430653926	-0.07994573704452525
710317305	GRIK2_708_720	0.030806046781175045	-0.07994573704452525
710317305	GSUB_61_73	0.15718333255073036	-0.10318772910096152
710317305	GSUB_61_73	-0.6885851317953138	-0.10318772910096152
710317305	GYS2_1_13	-0.007140462472724707	-0.04574670740001607
710317305	GYS2_1_13	-0.16510279560336372	-0.04574670740001607
710317305	KAP2_92_104	0.1771193453573776	-0.023433757936899318
710317305	KAP2_92_104	0.040510297669552386	-0.023433757936899318
710317305	KAP3_107_119	0.14199625786160563	-0.09183450843802292
710317305	KAP3_107_119	-0.07047751488007936	-0.09183450843802292
710317305	KCNA6_504_516	-0.5296194668773815	-0.2141827811216149
710317305	KCNA6_504_516	0.004092754633882922	-0.2141827811216149
710317305	KIF2C_105_118_S106G	0.05688102193188982	-0.2897138703408405
710317305	KIF2C_105_118_S106G	-0.43937945965080516	-0.2897138703408405
710317305	KPCB_19_31_A25S	0.3941841839288731	-0.21373335068765414
710317305	KPCB_19_31_A25S	-0.450793439305337	-0.21373335068765414
710317305	KS6A1_374_386	0.2789249719801239	-0.009424501503176272
710317305	KS6A1_374_386	0.07308092389766419	-0.009424501503176272
710317305	MARCS_152_164	0.03220435149121714	-0.006137024779035531
710317305	MARCS_152_164	-0.010517871913999333	-0.006137024779035531
710317305	MARCS_160_172	0.14697627637021693	-0.033472582770544025
710317305	MARCS_160_172	-0.07462566596000642	-0.033472582770544025
710317305	MBP_222_234	-0.5202130871501245	0.005939693848706258
710317305	MBP_222_234	-0.4547826870786009	0.005939693848706258
710317305	MP2K1_287_299	-0.06865636066694236	-0.056027809090461254
710317305	MP2K1_287_299	-0.3792367778509975	-0.056027809090461254
710317305	MPIP1_172_184	0.13255619355670234	-0.06268586876394999
710317305	MPIP1_172_184	-0.705952889849391	-0.06268586876394999
710317305	NCF1_296_308	-0.028178533311594034	-0.17854997596024477
710317305	NCF1_296_308	-0.9195100821396318	-0.17854997596024477
710317305	NOS3_1171_1183	-0.352268451864723	-0.18817199240614468
710317305	NOS3_1171_1183	-0.4172649121667069	-0.18817199240614468
710317305	NR4A1_344_356	0.07008531460592149	-0.22829977076166577
710317305	NR4A1_344_356	-0.2796623679103525	-0.22829977076166577
710317305	PLEK_106_118	0.17929656479513056	-0.19372462640156862
710317305	PLEK_106_118	-0.13907937867547382	-0.19372462640156862
710317305	RAP1B_172_184	0.2334901302197787	-0.2667481368749982
710317305	RAP1B_172_184	-0.3540080658812843	-0.2667481368749982
710317305	RB_803_815	0.1569060549724508	0.00195109007220808
710317305	RB_803_815	-0.19343373758095428	0.00195109007220808
710317305	RBL2_655_667	0.007890785619465213	-0.15418485522710992
710317305	RBL2_655_667	-0.07038932789139807	-0.15418485522710992
710317305	STK6_283_295	0.39105280438700785	-0.11592761807748793
710317305	STK6_283_295	-0.01272172671609706	-0.11592761807748793
710317305	VASP_271_283	0.32584846425870495	-0.15510130659377522
710317305	VASP_271_283	-0.38363169491253757	-0.15510130659377522
710317315	ACM1_421_433	0.9191520031712259	0.15172986390017162
710317315	ACM1_421_433	-0.1826432826622737	0.15172986390017162
710317315	ACM1_444_456	0.307361981752698	0.023392023410306512
710317315	ACM1_444_456	0.05917793593477372	0.023392023410306512
710317315	ACM4_456_468	0.6350031832207517	-0.037938768250645606
710317315	ACM4_456_468	-0.1733316028855616	-0.037938768250645606
710317315	ACM5_494_506	0.8420685945522761	-0.010994752017757348
710317315	ACM5_494_506	0.009778138489449972	-0.010994752017757348
710317315	ACM5_498_510	0.8054512115888652	-0.03160760952253966
710317315	ACM5_498_510	0.17321185893765456	-0.03160760952253966
710317315	ADDB_706_718	0.5333483931136169	-0.21984803825387092
710317315	ADDB_706_718	0.06944792815757772	-0.21984803825387092
710317315	ADRB2_338_350	0.5459683691052919	-0.06354754891605581
710317315	ADRB2_338_350	-0.05444778402237649	-0.06354754891605581
710317315	BAD_69_81	0.6338721012021029	-0.08043304199457146
710317315	BAD_69_81	0.1971216391510815	-0.08043304199457146
710317315	BAD_93_105	0.6631166574075884	-0.05149879681354156
710317315	BAD_93_105	0.025111499125549663	-0.05149879681354156
710317315	CA2D1_494_506	0.4020317894540808	0.044686027142420405
710317315	CA2D1_494_506	0.01591096728336705	0.044686027142420405
710317315	CAC1C_1974_1986	0.44137164709230614	-0.0694688557637347
710317315	CAC1C_1974_1986	-0.045442970761167434	-0.0694688557637347
710317315	CD27_212_224	0.5266894591458144	0.17733819189299432
710317315	CD27_212_224	-0.028837898072068047	0.17733819189299432
710317315	CENPA_1_14	0.4792948065592255	-0.27853467958818273
710317315	CENPA_1_14	-0.10978122067393326	-0.27853467958818273
710317315	CFTR_761_773	0.6151446411879515	-0.07017093058647145
710317315	CFTR_761_773	-0.8772438287549944	-0.07017093058647145
710317315	CGHB_109_121	2.1666498694094516	0.06063945315177963
710317315	CGHB_109_121	-0.5651679574441815	0.06063945315177963
710317315	CREB1_126_138	0.3578349877255107	-0.19840840041927646
710317315	CREB1_126_138	-0.6473283816815298	-0.19840840041927646
710317315	CSF1R_701_713	0.5516779090090838	-0.19501937239033232
710317315	CSF1R_701_713	-0.4528589647138115	-0.19501937239033232
710317315	E1A_ADE05_212_224	2.290691258050563	-0.2140143416891783
710317315	E1A_ADE05_212_224	-0.6474916139315958	-0.2140143416891783
710317315	ESR1_160_172	1.530442931897627	-0.3004549799660161
710317315	ESR1_160_172	-0.5134514713030773	-0.3004549799660161
710317315	FOXO3_25_37	0.7459573573833209	0.04474648528528865
710317315	FOXO3_25_37	-0.022621420566726336	0.04474648528528865
710317315	GBRB2_427_439	1.3073236819785907	-0.05607105547508954
710317315	GBRB2_427_439	-0.8218035392357743	-0.05607105547508954
710317315	GPR6_349_361	-0.13050202423412793	-0.22751512854573422
710317315	GPR6_349_361	0.0283287230584941	-0.22751512854573422
710317315	GRIK2_708_720	0.44745897697122095	-0.07994573704452525
710317315	GRIK2_708_720	-0.9773447943396896	-0.07994573704452525
710317315	GSUB_61_73	0.015375225886915533	-0.10318772910096152
710317315	GSUB_61_73	0.07202968627265305	-0.10318772910096152
710317315	GYS2_1_13	0.39515346662676354	-0.04574670740001607
710317315	GYS2_1_13	0.16485401189489046	-0.04574670740001607
710317315	KAP2_92_104	0.6251018915743707	-0.023433757936899318
710317315	KAP2_92_104	0.04207821661286548	-0.023433757936899318
710317315	KAP3_107_119	0.7523976475632059	-0.09183450843802292
710317315	KAP3_107_119	-0.1498041274121018	-0.09183450843802292
710317315	KCNA6_504_516	1.3845126322653856	-0.2141827811216149
710317315	KCNA6_504_516	-1.6850508251276661	-0.2141827811216149
710317315	KIF2C_105_118_S106G	0.955933218545038	-0.2897138703408405
710317315	KIF2C_105_118_S106G	-0.32557587190250725	-0.2897138703408405
710317315	KPCB_19_31_A25S	0.6978392628763839	-0.21373335068765414
710317315	KPCB_19_31_A25S	-0.2967345633802232	-0.21373335068765414
710317315	KS6A1_374_386	0.044590151024070934	-0.009424501503176272
710317315	KS6A1_374_386	0.2576296013929893	-0.009424501503176272
710317315	MARCS_152_164	0.20177232223227293	-0.006137024779035531
710317315	MARCS_152_164	-0.24441872766644712	-0.006137024779035531
710317315	MARCS_160_172	0.5818056175339739	-0.033472582770544025
710317315	MARCS_160_172	-0.47475771086483753	-0.033472582770544025
710317315	MBP_222_234	0.31581928530471703	0.005939693848706258
710317315	MBP_222_234	-0.46136029955696056	0.005939693848706258
710317315	MP2K1_287_299	0.3219280948873626	-0.056027809090461254
710317315	MP2K1_287_299	-0.10998645897148673	-0.056027809090461254
710317315	MPIP1_172_184	0.40539491740467737	-0.06268586876394999
710317315	MPIP1_172_184	0.00573636954914436	-0.06268586876394999
710317315	NCF1_296_308	0.46210575293562295	-0.17854997596024477
710317315	NCF1_296_308	-0.48433013761466537	-0.17854997596024477
710317315	NOS3_1171_1183	0.548276476497966	-0.18817199240614468
710317315	NOS3_1171_1183	-0.1754305225901973	-0.18817199240614468
710317315	NR4A1_344_356	0.5536810428754482	-0.22829977076166577
710317315	NR4A1_344_356	-0.37572457525401814	-0.22829977076166577
710317315	PLEK_106_118	1.6389013078319596	-0.19372462640156862
710317315	PLEK_106_118	-0.3657174927756959	-0.19372462640156862
710317315	RAP1B_172_184	0.32040062514076917	-0.2667481368749982
710317315	RAP1B_172_184	-0.06054154193505079	-0.2667481368749982
710317315	RB_803_815	0.8589784632186888	0.00195109007220808
710317315	RB_803_815	-0.17478453982939435	0.00195109007220808
710317315	RBL2_655_667	0.09872448711352444	-0.15418485522710992
710317315	RBL2_655_667	-0.027324586512234905	-0.15418485522710992
710317315	STK6_283_295	1.2250966302648258	-0.11592761807748793
710317315	STK6_283_295	-0.1560432925730808	-0.11592761807748793
710317315	VASP_271_283	2.366101770354961	-0.15510130659377522
710317315	VASP_271_283	-0.366194139760323	-0.15510130659377522
710317316	ACM1_421_433	0.7635598041779188	0.15172986390017162
710317316	ACM1_421_433	-0.07361322876568455	0.15172986390017162
710317316	ACM1_444_456	-0.2083172361247252	0.023392023410306512
710317316	ACM1_444_456	0.7040151723649197	0.023392023410306512
710317316	ACM4_456_468	0.2078365853812727	-0.037938768250645606
710317316	ACM4_456_468	0.27395683267747106	-0.037938768250645606
710317316	ACM5_494_506	-0.07995089192102078	-0.010994752017757348
710317316	ACM5_494_506	0.1753332894824	-0.010994752017757348
710317316	ACM5_498_510	0.21118696662856795	-0.03160760952253966
710317316	ACM5_498_510	0.29324901888080124	-0.03160760952253966
710317316	ADDB_706_718	-0.40335569423120887	-0.21984803825387092
710317316	ADDB_706_718	0.5237623442844188	-0.21984803825387092
710317316	ADRB2_338_350	0.10445116396503051	-0.06354754891605581
710317316	ADRB2_338_350	0.25321534480334806	-0.06354754891605581
710317316	BAD_69_81	0.5433960079955118	-0.08043304199457146
710317316	BAD_69_81	1.2397049695796887	-0.08043304199457146
710317316	BAD_93_105	0.01686928279310962	-0.05149879681354156
710317316	BAD_93_105	0.0579557389954255	-0.05149879681354156
710317316	CA2D1_494_506	0.14985888441885464	0.044686027142420405
710317316	CA2D1_494_506	-0.14818799042205377	0.044686027142420405
710317316	CAC1C_1974_1986	-0.017073513358941028	-0.0694688557637347
710317316	CAC1C_1974_1986	0.6348674065474702	-0.0694688557637347
710317316	CD27_212_224	0.14657235428823245	0.17733819189299432
710317316	CD27_212_224	0.6633427310230258	0.17733819189299432
710317316	CENPA_1_14	0.13617139527034938	-0.27853467958818273
710317316	CENPA_1_14	0.5047202133181234	-0.27853467958818273
710317316	CFTR_761_773	-0.6084089732090385	-0.07017093058647145
710317316	CFTR_761_773	0.834671339296456	-0.07017093058647145
710317316	CGHB_109_121	0.4303928889891777	0.06063945315177963
710317316	CGHB_109_121	-0.3177939836538455	0.06063945315177963
710317316	CREB1_126_138	-0.11718353937033976	-0.19840840041927646
710317316	CREB1_126_138	0.8624964762500649	-0.19840840041927646
710317316	CSF1R_701_713	-0.06634249482869592	-0.19501937239033232
710317316	CSF1R_701_713	0.2469147404705172	-0.19501937239033232
710317316	E1A_ADE05_212_224	0.3260924001051375	-0.2140143416891783
710317316	E1A_ADE05_212_224	-0.5513746272223123	-0.2140143416891783
710317316	ESR1_160_172	0.5908278240444744	-0.3004549799660161
710317316	ESR1_160_172	-0.43553895364999917	-0.3004549799660161
710317316	FOXO3_25_37	-0.17982446135201613	0.04474648528528865
710317316	FOXO3_25_37	0.2851752551174416	0.04474648528528865
710317316	GBRB2_427_439	-0.11062292266216556	-0.05607105547508954
710317316	GBRB2_427_439	0.9207733088494248	-0.05607105547508954
710317316	GPR6_349_361	-0.08799648099782864	-0.22751512854573422
710317316	GPR6_349_361	0.13107407247095448	-0.22751512854573422
710317316	GRIK2_708_720	-0.461580085215874	-0.07994573704452525
710317316	GRIK2_708_720	0.02141898363490613	-0.07994573704452525
710317316	GSUB_61_73	-0.20794126503890764	-0.10318772910096152
710317316	GSUB_61_73	0.13520073788051423	-0.10318772910096152
710317316	GYS2_1_13	-0.029223203500587935	-0.04574670740001607
710317316	GYS2_1_13	0.1461863436046542	-0.04574670740001607
710317316	KAP2_92_104	0.01684426654640614	-0.023433757936899318
710317316	KAP2_92_104	0.8629051138511237	-0.023433757936899318
710317316	KAP3_107_119	-0.2050317354891673	-0.09183450843802292
710317316	KAP3_107_119	0.7997188000278266	-0.09183450843802292
710317316	KCNA6_504_516	-0.6887604690354014	-0.2141827811216149
710317316	KCNA6_504_516	-0.37250038521986806	-0.2141827811216149
710317316	KIF2C_105_118_S106G	0.26188530578030145	-0.2897138703408405
710317316	KIF2C_105_118_S106G	-0.13595970868459784	-0.2897138703408405
710317316	KPCB_19_31_A25S	0.19649055789369108	-0.21373335068765414
710317316	KPCB_19_31_A25S	0.3970709527493952	-0.21373335068765414
710317316	KS6A1_374_386	0.07295603328117561	-0.009424501503176272
710317316	KS6A1_374_386	-0.03754695396217844	-0.009424501503176272
710317316	MARCS_152_164	0.19826962713627383	-0.006137024779035531
710317316	MARCS_152_164	0.3728409356246365	-0.006137024779035531
710317316	MARCS_160_172	0.2378809286054553	-0.033472582770544025
710317316	MARCS_160_172	-0.14377707226722602	-0.033472582770544025
710317316	MBP_222_234	0.08506914809682264	0.005939693848706258
710317316	MBP_222_234	0.04138548496824068	0.005939693848706258
710317316	MP2K1_287_299	-0.013689354548100496	-0.056027809090461254
710317316	MP2K1_287_299	0.1679622721247096	-0.056027809090461254
710317316	MPIP1_172_184	-0.020840343281860907	-0.06268586876394999
710317316	MPIP1_172_184	-0.05167228770226284	-0.06268586876394999
710317316	NCF1_296_308	-0.6717144095957588	-0.17854997596024477
710317316	NCF1_296_308	0.6024234707873783	-0.17854997596024477
710317316	NOS3_1171_1183	0.07174639227599577	-0.18817199240614468
710317316	NOS3_1171_1183	0.4990557824880284	-0.18817199240614468
710317316	NR4A1_344_356	0.2704518773962774	-0.22829977076166577
710317316	NR4A1_344_356	0.3316432497205737	-0.22829977076166577
710317316	PLEK_106_118	0.31207092032765615	-0.19372462640156862
710317316	PLEK_106_118	-0.3286078094053755	-0.19372462640156862
710317316	RAP1B_172_184	0.1883676063957771	-0.2667481368749982
710317316	RAP1B_172_184	0.14284684482424526	-0.2667481368749982
710317316	RB_803_815	0.18093799416473022	0.00195109007220808
710317316	RB_803_815	0.4096067601220268	0.00195109007220808
710317316	RBL2_655_667	-0.41420429391875757	-0.15418485522710992
710317316	RBL2_655_667	0.0287242890366306	-0.15418485522710992
710317316	STK6_283_295	0.26900212909343235	-0.11592761807748793
710317316	STK6_283_295	0.10044103601607635	-0.11592761807748793
710317316	VASP_271_283	0.35693454471527497	-0.15510130659377522
710317316	VASP_271_283	-0.5622185450648658	-0.15510130659377522
710317317	ACM1_421_433	0.5430410512880517	0.15172986390017162
710317317	ACM1_421_433	0.11209457802528355	0.15172986390017162
710317317	ACM1_444_456	-0.32790199593199576	0.023392023410306512
710317317	ACM1_444_456	-0.06588793565645767	0.023392023410306512
710317317	ACM4_456_468	0.19243585525464013	-0.037938768250645606
710317317	ACM4_456_468	-0.03255057214379864	-0.037938768250645606
710317317	ACM5_494_506	0.5736649093867703	-0.010994752017757348
710317317	ACM5_494_506	0.1127845721818499	-0.010994752017757348
710317317	ACM5_498_510	0.3502487727816934	-0.03160760952253966
710317317	ACM5_498_510	0.05962789485165132	-0.03160760952253966
710317317	ADDB_706_718	0.28141293514864874	-0.21984803825387092
710317317	ADDB_706_718	0.14422938693824872	-0.21984803825387092
710317317	ADRB2_338_350	0.7511794533859071	-0.06354754891605581
710317317	ADRB2_338_350	-0.1882666374318216	-0.06354754891605581
710317317	BAD_69_81	0.09280215382256607	-0.08043304199457146
710317317	BAD_69_81	0.19612107249432675	-0.08043304199457146
710317317	BAD_93_105	-0.06321708019706485	-0.05149879681354156
710317317	BAD_93_105	-8.881784197001252e-16	-0.05149879681354156
710317317	CA2D1_494_506	0.18960248621877884	0.044686027142420405
710317317	CA2D1_494_506	-0.28606264233035716	0.044686027142420405
710317317	CAC1C_1974_1986	0.6677299608911786	-0.0694688557637347
710317317	CAC1C_1974_1986	0.06130389786853607	-0.0694688557637347
710317317	CD27_212_224	0.012016964775217076	0.17733819189299432
710317317	CD27_212_224	-0.10791533916688723	0.17733819189299432
710317317	CENPA_1_14	-0.025178562995996856	-0.27853467958818273
710317317	CENPA_1_14	0.023561139458185387	-0.27853467958818273
710317317	CFTR_761_773	0.40141598959507885	-0.07017093058647145
710317317	CFTR_761_773	-0.7824085649273727	-0.07017093058647145
710317317	CGHB_109_121	1.0371529984174668	0.06063945315177963
710317317	CGHB_109_121	0.1535415580439352	0.06063945315177963
710317317	CREB1_126_138	0.1559735560597164	-0.19840840041927646
710317317	CREB1_126_138	-0.0674279275202907	-0.19840840041927646
710317317	CSF1R_701_713	0.1844245711374275	-0.19501937239033232
710317317	CSF1R_701_713	0	-0.19501937239033232
710317317	E1A_ADE05_212_224	0.45659933960419696	-0.2140143416891783
710317317	E1A_ADE05_212_224	-0.05597647752931678	-0.2140143416891783
710317317	ESR1_160_172	0.4809642917445167	-0.3004549799660161
710317317	ESR1_160_172	-0.20339706570885419	-0.3004549799660161
710317317	FOXO3_25_37	0.10808034563386126	0.04474648528528865
710317317	FOXO3_25_37	0.10672017924019084	0.04474648528528865
710317317	GBRB2_427_439	0.5713134392093044	-0.05607105547508954
710317317	GBRB2_427_439	-0.2076819892484112	-0.05607105547508954
710317317	GPR6_349_361	0.2183227570274009	-0.22751512854573422
710317317	GPR6_349_361	0.24633047599320257	-0.22751512854573422
710317317	GRIK2_708_720	0.2820700283532034	-0.07994573704452525
710317317	GRIK2_708_720	-0.4557838416221527	-0.07994573704452525
710317317	GSUB_61_73	-0.09225850785198864	-0.10318772910096152
710317317	GSUB_61_73	0.228972569760161	-0.10318772910096152
710317317	GYS2_1_13	0.09561060183081693	-0.04574670740001607
710317317	GYS2_1_13	-0.14450583966919073	-0.04574670740001607
710317317	KAP2_92_104	0.4285632108133406	-0.023433757936899318
710317317	KAP2_92_104	-0.0842631654079371	-0.023433757936899318
710317317	KAP3_107_119	0.32407798440980784	-0.09183450843802292
710317317	KAP3_107_119	-0.09992606593345865	-0.09183450843802292
710317317	KCNA6_504_516	1.0713644513086424	-0.2141827811216149
710317317	KCNA6_504_516	-0.49625827544967605	-0.2141827811216149
710317317	KIF2C_105_118_S106G	0.41422949307408263	-0.2897138703408405
710317317	KIF2C_105_118_S106G	-0.01820981771800767	-0.2897138703408405
710317317	KPCB_19_31_A25S	0.09947845667010835	-0.21373335068765414
710317317	KPCB_19_31_A25S	-0.020725424851946173	-0.21373335068765414
710317317	KS6A1_374_386	-0.15678588981514707	-0.009424501503176272
710317317	KS6A1_374_386	-0.018597218877330235	-0.009424501503176272
710317317	MARCS_152_164	0.04475657823051771	-0.006137024779035531
710317317	MARCS_152_164	-0.26398074567808205	-0.006137024779035531
710317317	MARCS_160_172	0.09080293700831277	-0.033472582770544025
710317317	MARCS_160_172	-0.004548700691631602	-0.033472582770544025
710317317	MBP_222_234	-0.558070110161049	0.005939693848706258
710317317	MBP_222_234	0.056728021835454	0.005939693848706258
710317317	MP2K1_287_299	-0.14463970503156354	-0.056027809090461254
710317317	MP2K1_287_299	-0.08375134969324716	-0.056027809090461254
710317317	MPIP1_172_184	-0.01739160288528563	-0.06268586876394999
710317317	MPIP1_172_184	-0.018147346710259527	-0.06268586876394999
710317317	NCF1_296_308	0.48655879666016144	-0.17854997596024477
710317317	NCF1_296_308	-0.47916783669855967	-0.17854997596024477
710317317	NOS3_1171_1183	-0.38801571073646457	-0.18817199240614468
710317317	NOS3_1171_1183	-0.16132239816434257	-0.18817199240614468
710317317	NR4A1_344_356	-0.003703968763418608	-0.22829977076166577
710317317	NR4A1_344_356	-0.11706930333566312	-0.22829977076166577
710317317	PLEK_106_118	0.2575206447400493	-0.19372462640156862
710317317	PLEK_106_118	-0.08299503966858701	-0.19372462640156862
710317317	RAP1B_172_184	-0.06534075366731784	-0.2667481368749982
710317317	RAP1B_172_184	-0.09011241966428907	-0.2667481368749982
710317317	RB_803_815	0.3241374292255488	0.00195109007220808
710317317	RB_803_815	-0.029503994310083215	0.00195109007220808
710317317	RBL2_655_667	-0.24823740390571336	-0.15418485522710992
710317317	RBL2_655_667	-0.1211571264922906	-0.15418485522710992
710317317	STK6_283_295	0.700817911720967	-0.11592761807748793
710317317	STK6_283_295	0.061200852382413906	-0.11592761807748793
710317317	VASP_271_283	0.9414210006719435	-0.15510130659377522
710317317	VASP_271_283	-0.44900409114679096	-0.15510130659377522
710317412	ACM1_421_433	0.30165569986110086	0.15172986390017162
710317412	ACM1_421_433	-0.10149718988420053	0.15172986390017162
710317412	ACM1_444_456	-0.11622183423176313	0.023392023410306512
710317412	ACM1_444_456	0.17926604814119607	0.023392023410306512
710317412	ACM4_456_468	0.15875413543612948	-0.037938768250645606
710317412	ACM4_456_468	-0.08061846020828467	-0.037938768250645606
710317412	ACM5_494_506	0.27637693573515687	-0.010994752017757348
710317412	ACM5_494_506	-0.3857040053206777	-0.010994752017757348
710317412	ACM5_498_510	0.32557587190250636	-0.03160760952253966
710317412	ACM5_498_510	-0.3979466490650987	-0.03160760952253966
710317412	ADDB_706_718	0.10388924314472447	-0.21984803825387092
710317412	ADDB_706_718	-0.3299455624912513	-0.21984803825387092
710317412	ADRB2_338_350	0.28255385655321774	-0.06354754891605581
710317412	ADRB2_338_350	-0.06937370304066248	-0.06354754891605581
710317412	BAD_69_81	0.3946312886170067	-0.08043304199457146
710317412	BAD_69_81	0.11259182637636078	-0.08043304199457146
710317412	BAD_93_105	0.14777286046378446	-0.05149879681354156
710317412	BAD_93_105	-0.4364161775753388	-0.05149879681354156
710317412	CA2D1_494_506	0.11798906117999675	0.044686027142420405
710317412	CA2D1_494_506	0.167294745397641	0.044686027142420405
710317412	CAC1C_1974_1986	-0.004661377369863384	-0.0694688557637347
710317412	CAC1C_1974_1986	0.2059746619024856	-0.0694688557637347
710317412	CD27_212_224	0.38376279394566026	0.17733819189299432
710317412	CD27_212_224	-0.3698575159747235	0.17733819189299432
710317412	CENPA_1_14	0.2527220313976559	-0.27853467958818273
710317412	CENPA_1_14	-0.45228001751733427	-0.27853467958818273
710317412	CFTR_761_773	0.3670091445512047	-0.07017093058647145
710317412	CFTR_761_773	-0.3045609629172743	-0.07017093058647145
710317412	CGHB_109_121	0.7010222564914255	0.06063945315177963
710317412	CGHB_109_121	-1.268801683165746	0.06063945315177963
710317412	CREB1_126_138	0.14295795384204313	-0.19840840041927646
710317412	CREB1_126_138	-0.1775381855521876	-0.19840840041927646
710317412	CSF1R_701_713	0.37020592938159025	-0.19501937239033232
710317412	CSF1R_701_713	-0.2964574073712445	-0.19501937239033232
710317412	E1A_ADE05_212_224	0.36552017592263564	-0.2140143416891783
710317412	E1A_ADE05_212_224	-1.0865607669611723	-0.2140143416891783
710317412	ESR1_160_172	0.4232673849216493	-0.3004549799660161
710317412	ESR1_160_172	-1.220935153494474	-0.3004549799660161
710317412	FOXO3_25_37	0.19717834483993002	0.04474648528528865
710317412	FOXO3_25_37	-0.28992273064422136	0.04474648528528865
710317412	GBRB2_427_439	0.5484828064544254	-0.05607105547508954
710317412	GBRB2_427_439	-0.38275328758340654	-0.05607105547508954
710317412	GPR6_349_361	0.2641319296911284	-0.22751512854573422
710317412	GPR6_349_361	0.005333444303040391	-0.22751512854573422
710317412	GRIK2_708_720	0.29790486568084606	-0.07994573704452525
710317412	GRIK2_708_720	-0.4594316186372973	-0.07994573704452525
710317412	GSUB_61_73	0.6568963949628011	-0.10318772910096152
710317412	GSUB_61_73	-0.25375659224578273	-0.10318772910096152
710317412	GYS2_1_13	0.2904607620563544	-0.04574670740001607
710317412	GYS2_1_13	0.14878842864649577	-0.04574670740001607
710317412	KAP2_92_104	0.3621616153273677	-0.023433757936899318
710317412	KAP2_92_104	0.1847164866358546	-0.023433757936899318
710317412	KAP3_107_119	0.41600154544962376	-0.09183450843802292
710317412	KAP3_107_119	0.0348855176438585	-0.09183450843802292
710317412	KCNA6_504_516	0.5467735308894106	-0.2141827811216149
710317412	KCNA6_504_516	-1.063388706271482	-0.2141827811216149
710317412	KIF2C_105_118_S106G	0.2917171605378788	-0.2897138703408405
710317412	KIF2C_105_118_S106G	-1.0395941160742082	-0.2897138703408405
710317412	KPCB_19_31_A25S	0.18747198302401902	-0.21373335068765414
710317412	KPCB_19_31_A25S	-0.16011738351572768	-0.21373335068765414
710317412	KS6A1_374_386	0.398549376490275	-0.009424501503176272
710317412	KS6A1_374_386	-0.46227117115983507	-0.009424501503176272
710317412	MARCS_152_164	0.31871853841147235	-0.006137024779035531
710317412	MARCS_152_164	0.10442660619968258	-0.006137024779035531
710317412	MARCS_160_172	0.3861449481561574	-0.033472582770544025
710317412	MARCS_160_172	-0.2842808079694934	-0.033472582770544025
710317412	MBP_222_234	0.3253371731857335	0.005939693848706258
710317412	MBP_222_234	0.05751903907735123	0.005939693848706258
710317412	MP2K1_287_299	0.2706076255385943	-0.056027809090461254
710317412	MP2K1_287_299	-0.034320073183875976	-0.056027809090461254
710317412	MPIP1_172_184	0.5366669436803755	-0.06268586876394999
710317412	MPIP1_172_184	0.2515387669959641	-0.06268586876394999
710317412	NCF1_296_308	0.20233847414624018	-0.17854997596024477
710317412	NCF1_296_308	-0.40694867930166856	-0.17854997596024477
710317412	NOS3_1171_1183	0.2044780572173961	-0.18817199240614468
710317412	NOS3_1171_1183	0.03449580593023516	-0.18817199240614468
710317412	NR4A1_344_356	0.22844146600925308	-0.22829977076166577
710317412	NR4A1_344_356	-0.326128083416648	-0.22829977076166577
710317412	PLEK_106_118	0.4197453796797461	-0.19372462640156862
710317412	PLEK_106_118	-1.014529575519532	-0.19372462640156862
710317412	RAP1B_172_184	0.004753529970634496	-0.2667481368749982
710317412	RAP1B_172_184	-0.42518205668438736	-0.2667481368749982
710317412	RB_803_815	0.25851674935853675	0.00195109007220808
710317412	RB_803_815	-0.196969824456541	0.00195109007220808
710317412	RBL2_655_667	0.08291363728559276	-0.15418485522710992
710317412	RBL2_655_667	-0.20794126503890764	-0.15418485522710992
710317412	STK6_283_295	0.5775045780874155	-0.11592761807748793
710317412	STK6_283_295	-0.7818949370666504	-0.11592761807748793
710317412	VASP_271_283	0.6722014701156951	-0.15510130659377522
710317412	VASP_271_283	-1.3075852121368365	-0.15510130659377522
710373109	ACM1_421_433	-0.5067677703409577	0.15172986390017162
710373109	ACM1_421_433	0.5657262818582387	0.15172986390017162
710373109	ACM1_444_456	-0.4829112292514588	0.023392023410306512
710373109	ACM1_444_456	0.19264507794239538	0.023392023410306512
710373109	ACM4_456_468	-0.211621832970585	-0.037938768250645606
710373109	ACM4_456_468	0.3124823397139993	-0.037938768250645606
710373109	ACM5_494_506	-0.38382619079249825	-0.010994752017757348
710373109	ACM5_494_506	0.479569501821417	-0.010994752017757348
710373109	ACM5_498_510	-0.7662922654357187	-0.03160760952253966
710373109	ACM5_498_510	0.010369820321604273	-0.03160760952253966
710373109	ADDB_706_718	-3.993443525738603	-0.21984803825387092
710373109	ADDB_706_718	0.28306727605217574	-0.21984803825387092
710373109	ADRB2_338_350	-1.0894350835819449	-0.06354754891605581
710373109	ADRB2_338_350	-0.22304243037690474	-0.06354754891605581
710373109	BAD_69_81	-3.18504495172789	-0.08043304199457146
710373109	BAD_69_81	-0.03333255763480558	-0.08043304199457146
710373109	BAD_93_105	-0.321492169505321	-0.05149879681354156
710373109	BAD_93_105	0.24352299266327115	-0.05149879681354156
710373109	CA2D1_494_506	0.8194277543581792	0.044686027142420405
710373109	CA2D1_494_506	-0.051399152506644175	0.044686027142420405
710373109	CAC1C_1974_1986	-2.30134376273127	-0.0694688557637347
710373109	CAC1C_1974_1986	0.1757987529867049	-0.0694688557637347
710373109	CD27_212_224	0.7627286902312878	0.17733819189299432
710373109	CD27_212_224	0.2789759497028155	0.17733819189299432
710373109	CENPA_1_14	-4.514515698883218	-0.27853467958818273
710373109	CENPA_1_14	0.11949714160902136	-0.27853467958818273
710373109	CFTR_761_773	-2.3864913150310585	-0.07017093058647145
710373109	CFTR_761_773	-0.6998013731849779	-0.07017093058647145
710373109	CGHB_109_121	-0.2837929660005909	0.06063945315177963
710373109	CGHB_109_121	-0.4757334309663981	0.06063945315177963
710373109	CREB1_126_138	-2.393165318801338	-0.19840840041927646
710373109	CREB1_126_138	-0.42261684002185707	-0.19840840041927646
710373109	CSF1R_701_713	-3.3318636479071237	-0.19501937239033232
710373109	CSF1R_701_713	0.3365096067033413	-0.19501937239033232
710373109	E1A_ADE05_212_224	-2.0147396583105395	-0.2140143416891783
710373109	E1A_ADE05_212_224	-0.6813770498363092	-0.2140143416891783
710373109	ESR1_160_172	-3.537262330097625	-0.3004549799660161
710373109	ESR1_160_172	-0.32488747036790677	-0.3004549799660161
710373109	FOXO3_25_37	-0.3759800234974904	0.04474648528528865
710373109	FOXO3_25_37	0.2930050037584815	0.04474648528528865
710373109	GBRB2_427_439	-2.644577439709858	-0.05607105547508954
710373109	GBRB2_427_439	-0.837866871292464	-0.05607105547508954
710373109	GPR6_349_361	-4.60624635615508	-0.22751512854573422
710373109	GPR6_349_361	-0.42524769788106287	-0.22751512854573422
710373109	GRIK2_708_720	-2.036525876025113	-0.07994573704452525
710373109	GRIK2_708_720	-0.30666133823405195	-0.07994573704452525
710373109	GSUB_61_73	-0.9719856238304034	-0.10318772910096152
710373109	GSUB_61_73	0.2521397647304999	-0.10318772910096152
710373109	GYS2_1_13	-1.3358749861120582	-0.04574670740001607
710373109	GYS2_1_13	0.018254145765783214	-0.04574670740001607
710373109	KAP2_92_104	-2.3979393090695433	-0.023433757936899318
710373109	KAP2_92_104	0.08595396110806508	-0.023433757936899318
710373109	KAP3_107_119	-3.018076290240135	-0.09183450843802292
710373109	KAP3_107_119	-0.624088832010977	-0.09183450843802292
710373109	KCNA6_504_516	-2.892933111743093	-0.2141827811216149
710373109	KCNA6_504_516	-0.5201210368416991	-0.2141827811216149
710373109	KIF2C_105_118_S106G	-3.7084842177323853	-0.2897138703408405
710373109	KIF2C_105_118_S106G	-0.3196632670424995	-0.2897138703408405
710373109	KPCB_19_31_A25S	-3.741173845073127	-0.21373335068765414
710373109	KPCB_19_31_A25S	0.26818047833366165	-0.21373335068765414
710373109	KS6A1_374_386	0.26415756279273106	-0.009424501503176272
710373109	KS6A1_374_386	-0.11443968048856679	-0.009424501503176272
710373109	MARCS_152_164	-0.6342955514666309	-0.006137024779035531
710373109	MARCS_152_164	0.24353574432642766	-0.006137024779035531
710373109	MARCS_160_172	0.33550404416623936	-0.033472582770544025
710373109	MARCS_160_172	-0.1152674166428791	-0.033472582770544025
710373109	MBP_222_234	1.2516267335238958	0.005939693848706258
710373109	MBP_222_234	0.2944473584652556	0.005939693848706258
710373109	MP2K1_287_299	-0.14153609439398096	-0.056027809090461254
710373109	MP2K1_287_299	0.2299570085843623	-0.056027809090461254
710373109	MPIP1_172_184	-1.3055838960324504	-0.06268586876394999
710373109	MPIP1_172_184	-0.34462682958697544	-0.06268586876394999
710373109	NCF1_296_308	-3.0386505918973956	-0.17854997596024477
710373109	NCF1_296_308	-0.08303183247613255	-0.17854997596024477
710373109	NOS3_1171_1183	-2.5321469401301355	-0.18817199240614468
710373109	NOS3_1171_1183	0.21161544573329127	-0.18817199240614468
710373109	NR4A1_344_356	-4.23922924161513	-0.22829977076166577
710373109	NR4A1_344_356	0.35391820913179917	-0.22829977076166577
710373109	PLEK_106_118	-2.973529360571045	-0.19372462640156862
710373109	PLEK_106_118	0.3113040823050053	-0.19372462640156862
710373109	RAP1B_172_184	-3.844441307000449	-0.2667481368749982
710373109	RAP1B_172_184	-0.24603098334327278	-0.2667481368749982
710373109	RB_803_815	-0.4444121014123579	0.00195109007220808
710373109	RB_803_815	0.019743935298414783	0.00195109007220808
710373109	RBL2_655_667	-1.8007241748252767	-0.15418485522710992
710373109	RBL2_655_667	0.30001331845892176	-0.15418485522710992
710373109	STK6_283_295	-2.271990721888609	-0.11592761807748793
710373109	STK6_283_295	0.11547721741993655	-0.11592761807748793
710373109	VASP_271_283	-2.4146021001384064	-0.15510130659377522
710373109	VASP_271_283	-0.5426833795666726	-0.15510130659377522
710373115	ACM1_421_433	0.018300816742943482	0.15172986390017162
710373115	ACM1_421_433	0.2646472568020948	0.15172986390017162
710373115	ACM1_444_456	-0.5115003387801349	0.023392023410306512
710373115	ACM1_444_456	0.596103058326356	0.023392023410306512
710373115	ACM4_456_468	0.1282702439718979	-0.037938768250645606
710373115	ACM4_456_468	0.6654350794347121	-0.037938768250645606
710373115	ACM5_494_506	0.06898312996430711	-0.010994752017757348
710373115	ACM5_494_506	0.4378028263710272	-0.010994752017757348
710373115	ACM5_498_510	-0.07205814825201617	-0.03160760952253966
710373115	ACM5_498_510	1.0136450893721531	-0.03160760952253966
710373115	ADDB_706_718	-2.966234800855271	-0.21984803825387092
710373115	ADDB_706_718	1.9170278621022945	-0.21984803825387092
710373115	ADRB2_338_350	-1.2857079069746087	-0.06354754891605581
710373115	ADRB2_338_350	1.10896180938736	-0.06354754891605581
710373115	BAD_69_81	-2.7111313764654756	-0.08043304199457146
710373115	BAD_69_81	2.5227566151186016	-0.08043304199457146
710373115	BAD_93_105	-0.07551310477737694	-0.05149879681354156
710373115	BAD_93_105	0.861430576651605	-0.05149879681354156
710373115	CA2D1_494_506	0.5116107589738965	0.044686027142420405
710373115	CA2D1_494_506	0.5618788876081149	0.044686027142420405
710373115	CAC1C_1974_1986	-2.00673069066908	-0.0694688557637347
710373115	CAC1C_1974_1986	1.0046523582428906	-0.0694688557637347
710373115	CD27_212_224	1.6742298388182435	0.17733819189299432
710373115	CD27_212_224	0.09799843841251654	0.17733819189299432
710373115	CENPA_1_14	-4.1511438718523355	-0.27853467958818273
710373115	CENPA_1_14	2.319896581487358	-0.27853467958818273
710373115	CFTR_761_773	-2.481561398386545	-0.07017093058647145
710373115	CFTR_761_773	2.023114433673845	-0.07017093058647145
710373115	CGHB_109_121	0.18286405714981058	0.06063945315177963
710373115	CGHB_109_121	0.621031755428678	0.06063945315177963
710373115	CREB1_126_138	-2.302913102712081	-0.19840840041927646
710373115	CREB1_126_138	1.5748179433156126	-0.19840840041927646
710373115	CSF1R_701_713	-3.1040058886821296	-0.19501937239033232
710373115	CSF1R_701_713	2.0405747432286203	-0.19501937239033232
710373115	E1A_ADE05_212_224	-2.1132956725063794	-0.2140143416891783
710373115	E1A_ADE05_212_224	1.5105125515612756	-0.2140143416891783
710373115	ESR1_160_172	-3.5948553054795873	-0.3004549799660161
710373115	ESR1_160_172	1.6438856472594043	-0.3004549799660161
710373115	FOXO3_25_37	-0.3732468721723423	0.04474648528528865
710373115	FOXO3_25_37	0.8853426354411846	0.04474648528528865
710373115	GBRB2_427_439	-2.6461808754196694	-0.05607105547508954
710373115	GBRB2_427_439	2.2859926404137205	-0.05607105547508954
710373115	GPR6_349_361	-3.818670586080759	-0.22751512854573422
710373115	GPR6_349_361	2.957108561453297	-0.22751512854573422
710373115	GRIK2_708_720	-2.056075924406089	-0.07994573704452525
710373115	GRIK2_708_720	1.7323042167963436	-0.07994573704452525
710373115	GSUB_61_73	-1.5393849282253838	-0.10318772910096152
710373115	GSUB_61_73	0.7477454329194488	-0.10318772910096152
710373115	GYS2_1_13	-1.1855627661074957	-0.04574670740001607
710373115	GYS2_1_13	1.3583268556173689	-0.04574670740001607
710373115	KAP2_92_104	-2.7507397587639604	-0.023433757936899318
710373115	KAP2_92_104	1.393356204804359	-0.023433757936899318
710373115	KAP3_107_119	-2.5967329018796033	-0.09183450843802292
710373115	KAP3_107_119	1.6750779556038822	-0.09183450843802292
710373115	KCNA6_504_516	-2.844266795457229	-0.2141827811216149
710373115	KCNA6_504_516	1.763016552350055	-0.2141827811216149
710373115	KIF2C_105_118_S106G	-3.378680270754171	-0.2897138703408405
710373115	KIF2C_105_118_S106G	2.307232215351318	-0.2897138703408405
710373115	KPCB_19_31_A25S	-3.528827706226955	-0.21373335068765414
710373115	KPCB_19_31_A25S	2.4804697979620363	-0.21373335068765414
710373115	KS6A1_374_386	0.2690834505065989	-0.009424501503176272
710373115	KS6A1_374_386	-0.19863137300812683	-0.009424501503176272
710373115	MARCS_152_164	-0.43899739822302486	-0.006137024779035531
710373115	MARCS_152_164	0.7126182385147439	-0.006137024779035531
710373115	MARCS_160_172	-0.07840634546532055	-0.033472582770544025
710373115	MARCS_160_172	0.5786487267889542	-0.033472582770544025
710373115	MBP_222_234	-0.28688114778816187	0.005939693848706258
710373115	MBP_222_234	0.9609126439299094	0.005939693848706258
710373115	MP2K1_287_299	-0.0931094043914813	-0.056027809090461254
710373115	MP2K1_287_299	0.30256277002043097	-0.056027809090461254
710373115	MPIP1_172_184	-1.6977575263767077	-0.06268586876394999
710373115	MPIP1_172_184	1.2707346645153756	-0.06268586876394999
710373115	NCF1_296_308	-2.862977511846103	-0.17854997596024477
710373115	NCF1_296_308	2.327843736412704	-0.17854997596024477
710373115	NOS3_1171_1183	-2.2028053997063815	-0.18817199240614468
710373115	NOS3_1171_1183	1.731732430125307	-0.18817199240614468
710373115	NR4A1_344_356	-4.140786326143007	-0.22829977076166577
710373115	NR4A1_344_356	3.086926110076429	-0.22829977076166577
710373115	PLEK_106_118	-2.56962145188454	-0.19372462640156862
710373115	PLEK_106_118	1.6577752468641052	-0.19372462640156862
710373115	RAP1B_172_184	-3.3851047787985546	-0.2667481368749982
710373115	RAP1B_172_184	1.9145868049621138	-0.2667481368749982
710373115	RB_803_815	0.0698214494975713	0.00195109007220808
710373115	RB_803_815	0.8620427272163229	0.00195109007220808
710373115	RBL2_655_667	-2.0909945322205923	-0.15418485522710992
710373115	RBL2_655_667	1.5241373080251126	-0.15418485522710992
710373115	STK6_283_295	-2.2388062507798114	-0.11592761807748793
710373115	STK6_283_295	1.302416098242019	-0.11592761807748793
710373115	VASP_271_283	-2.521421379172767	-0.15510130659377522
710373115	VASP_271_283	1.649819080646595	-0.15510130659377522
