BioNavigator Version	6.3.67.0	PamGrid Version	QuantitationType	Median_SigmBg	Protocol file name	Image Analysis_STKDate	Wed, 19 May 2021 10:36:37 GMT
	Barcode	710317315	710317315	710317315	710317315	710317315	710317315	710317315	710317315	710317315	710317315	710317315	710317315	710317315	710317315	710317315	710317315	710317315	710317315	710317315	710317315	710317316	710317316	710317316	710317316	710317316	710317316	710317316	710317316	710317316	710317316	710317316	710317316	710317316	710317316	710317316	710317316	710317316	710317316	710317316	710317316	710317317	710317317	710317317	710317317	710317317	710317317	710317317	710317317	710317317	710317317	710317317	710317317	710317317	710317317	710317317	710317317	710317317	710317317	710317317	710317317
	Array	A1	A1	A1	A1	A1	A2	A2	A2	A2	A2	A3	A3	A3	A3	A3	A4	A4	A4	A4	A4	A1	A1	A1	A1	A1	A2	A2	A2	A2	A2	A3	A3	A3	A3	A3	A4	A4	A4	A4	A4	A1	A1	A1	A1	A1	A2	A2	A2	A2	A2	A3	A3	A3	A3	A3	A4	A4	A4	A4	A4
	Sample name	CTL_111	CTL_111	CTL_111	CTL_111	CTL_111	SCZ_930	SCZ_930	SCZ_930	SCZ_930	SCZ_930	CTL_116	CTL_116	CTL_116	CTL_116	CTL_116	SCZ_22	SCZ_22	SCZ_22	SCZ_22	SCZ_22	CTL_702	CTL_702	CTL_702	CTL_702	CTL_702	SCZ_640	SCZ_640	SCZ_640	SCZ_640	SCZ_640	CTL_167	CTL_167	CTL_167	CTL_167	CTL_167	SCZ_331	SCZ_331	SCZ_331	SCZ_331	SCZ_331	CTL_686	CTL_686	CTL_686	CTL_686	CTL_686	SCZ_552	SCZ_552	SCZ_552	SCZ_552	SCZ_552	CTL_223	CTL_223	CTL_223	CTL_223	CTL_223	SCZ_339	SCZ_339	SCZ_339	SCZ_339	SCZ_339
	Exposure time	10.0	20.0	50.0	100.0	200.0	10.0	20.0	50.0	100.0	200.0	10.0	20.0	50.0	100.0	200.0	10.0	20.0	50.0	100.0	200.0	10.0	20.0	50.0	100.0	200.0	10.0	20.0	50.0	100.0	200.0	10.0	20.0	50.0	100.0	200.0	10.0	20.0	50.0	100.0	200.0	10.0	20.0	50.0	100.0	200.0	10.0	20.0	50.0	100.0	200.0	10.0	20.0	50.0	100.0	200.0	10.0	20.0	50.0	100.0	200.0
	Cycle	124	124	124	124	124	124	124	124	124	124	124	124	124	124	124	124	124	124	124	124	124	124	124	124	124	124	124	124	124	124	124	124	124	124	124	124	124	124	124	124	124	124	124	124	124	124	124	124	124	124	124	124	124	124	124	124	124	124	124	124
ID
#REF		59.0	122.0	300.0	594.0	1169.0	61.0	127.0	318.0	631.0	1229.0	63.0	126.0	321.0	642.0	1277.0	62.0	122.0	306.0	610.0	1199.0	56.0	117.0	285.0	559.0	1124.0	59.0	118.0	293.0	577.0	1151.0	55.0	114.0	282.0	582.0	1157.0	61.0	122.0	305.0	602.0	1207.0	56.0	112.0	284.0	566.0	1124.0	58.0	117.0	296.0	584.0	1155.0	63.0	123.0	304.0	614.0	1227.0	61.0	119.0	302.0	599.0	1209.0
#REF		60.0	122.0	303.0	600.0	1209.0	60.0	123.0	304.0	616.0	1206.0	63.0	125.0	313.0	621.0	1241.0	61.0	125.0	311.0	617.0	1226.0	59.0	116.0	295.0	589.0	1179.0	56.0	115.0	282.0	563.0	1134.0	57.0	113.0	291.0	568.0	1121.0	61.0	128.0	310.0	609.0	1241.0	58.0	116.0	285.0	567.0	1128.0	59.0	119.0	293.0	582.0	1167.0	64.0	123.0	309.0	611.0	1225.0	51.0	85.0	212.0	498.0	1025.0
#REF		62.0	123.0	300.0	613.0	1208.0	64.0	127.0	334.0	656.0	1271.0	63.0	127.0	322.0	635.0	1259.0	64.0	125.0	316.0	625.0	1248.0	61.0	119.0	300.0	596.0	1184.0	58.0	119.0	292.0	589.0	1167.0	58.0	120.0	298.0	591.0	1189.0	65.0	130.0	323.0	626.0	1243.0	58.0	118.0	295.0	596.0	1182.0	61.0	121.0	298.0	601.0	1194.0	66.0	127.0	319.0	636.0	1258.0	62.0	127.0	310.0	618.0	1248.0
#REF		65.0	130.0	325.0	641.0	1261.0	65.0	131.0	338.0	647.0	1374.0	68.0	134.0	338.0	669.0	1339.0	70.0	138.0	341.0	676.0	1357.0	62.0	128.0	313.0	629.0	1242.0	61.0	121.0	301.0	611.0	1199.0	62.0	126.0	306.0	619.0	1241.0	70.0	132.0	334.0	660.0	1320.0	62.0	122.0	308.0	619.0	1215.0	63.0	125.0	307.0	631.0	1245.0	67.0	133.0	325.0	654.0	1299.0	66.0	128.0	331.0	655.0	1309.0
#REF		80.0	162.0	410.0	796.0	1582.0	82.0	168.0	415.0	831.0	1636.0	84.0	168.0	420.0	830.0	1653.0	86.0	171.0	423.0	833.0	1666.0	77.0	159.0	397.0	800.0	1550.0	78.0	158.0	394.0	790.0	1563.0	78.0	157.0	388.0	777.0	1514.0	83.0	169.0	417.0	838.0	1680.0	80.0	158.0	398.0	788.0	1577.0	80.0	164.0	407.0	806.0	1606.0	83.0	161.0	413.0	809.0	1601.0	86.0	171.0	427.0	844.0	1705.0
#REF		78.0	155.0	380.0	764.0	1527.0	80.0	160.0	402.0	803.0	1573.0	83.0	168.0	414.0	829.0	1632.0	84.0	170.0	427.0	832.0	1678.0	80.0	157.0	391.0	782.0	1572.0	81.0	159.0	385.0	770.0	1567.0	79.0	156.0	388.0	773.0	1524.0	81.0	164.0	403.0	806.0	1574.0	78.0	157.0	390.0	793.0	1580.0	82.0	160.0	407.0	810.0	1591.0	82.0	162.0	405.0	801.0	1626.0	88.0	168.0	422.0	837.0	1650.0
#REF		76.0	153.0	378.0	763.0	1481.0	81.0	162.0	403.0	812.0	1585.0	86.0	168.0	412.0	816.0	1633.0	85.0	171.0	419.0	838.0	1671.0	81.0	158.0	410.0	795.0	1577.0	79.0	159.0	387.0	758.0	1523.0	78.0	150.0	379.0	769.0	1501.0	83.0	160.0	403.0	801.0	1582.0	78.0	159.0	403.0	786.0	1574.0	79.0	156.0	395.0	795.0	1562.0	82.0	165.0	410.0	808.0	1602.0	85.0	173.0	422.0	857.0	1687.0
#REF		76.0	163.0	396.0	822.0	1600.0	82.0	165.0	411.0	819.0	1613.0	86.0	170.0	426.0	835.0	1673.0	90.0	176.0	438.0	861.0	1721.0	86.0	169.0	405.0	835.0	1653.0	83.0	162.0	405.0	815.0	1606.0	80.0	154.0	387.0	772.0	1526.0	88.0	173.0	429.0	867.0	1702.0	83.0	165.0	400.0	803.0	1610.0	81.0	161.0	409.0	831.0	1642.0	83.0	168.0	407.0	837.0	1660.0	89.0	179.0	446.0	892.0	1783.0
pTY3H_64_78		235.0	474.0	1183.0	2314.0	3644.0	403.0	802.0	1949.0	3769.0	3525.0	399.0	793.0	1948.0	3759.0	3565.0	353.0	710.0	1732.0	3371.0	3607.0	309.0	607.0	1482.0	2933.0	3464.0	325.0	646.0	1600.0	3127.0	3462.0	407.0	804.0	1987.0	3729.0	3481.0	373.0	745.0	1851.0	3581.0	3542.0	363.0	724.0	1769.0	3471.0	3388.0	399.0	797.0	1970.0	3715.0	3452.0	327.0	666.0	1652.0	3239.0	3576.0	347.0	691.0	1680.0	3274.0	3494.0
ATF2_47_59		0.0	0.0	0.0	-1.0	3.0	0.0	-2.0	0.0	-3.0	-8.0	0.0	0.0	-1.0	-4.0	-10.0	0.0	0.0	0.0	1.0	0.0	0.0	0.0	-1.0	-3.0	-8.0	-2.0	0.0	-1.0	-6.0	-7.0	-1.0	-1.0	-2.0	-1.0	-10.0	-1.0	-1.0	-1.0	-1.0	-7.0	-2.0	-1.0	-1.0	1.0	-7.0	-2.0	0.0	-2.0	-5.0	-13.0	-1.0	-2.0	-1.0	-1.0	-4.0	0.0	-1.0	1.0	-3.0	-5.0
CDN1A_139_151		27.0	57.0	141.0	281.0	558.0	100.0	210.0	523.0	1015.0	2040.0	84.0	168.0	422.0	839.0	1666.0	72.0	147.0	359.0	727.0	1425.0	54.0	111.0	274.0	544.0	1089.0	78.0	150.0	369.0	743.0	1459.0	76.0	151.0	375.0	751.0	1476.0	95.0	191.0	472.0	933.0	1836.0	84.0	174.0	445.0	872.0	1724.0	105.0	215.0	515.0	1049.0	2076.0	86.0	175.0	434.0	863.0	1702.0	87.0	176.0	431.0	868.0	1681.0
FIBA_569_581		1.0	-1.0	2.0	3.0	7.0	0.0	1.0	2.0	6.0	11.0	1.0	0.0	2.0	5.0	13.0	0.0	0.0	1.0	5.0	10.0	1.0	0.0	2.0	3.0	7.0	1.0	1.0	3.0	2.0	8.0	0.0	1.0	2.0	3.0	3.0	0.0	1.0	3.0	5.0	13.0	0.0	1.0	2.0	3.0	9.0	0.0	-2.0	2.0	4.0	10.0	-1.0	2.0	2.0	3.0	9.0	1.0	-1.0	3.0	5.0	11.0
IKKB_173_185_C179A		1.0	2.0	1.0	1.0	3.0	0.0	-1.0	2.0	2.0	1.0	0.0	0.0	1.0	2.0	1.0	-1.0	2.0	-1.0	0.0	2.0	1.0	1.0	1.0	2.0	1.0	0.0	1.0	1.0	1.0	2.0	0.0	0.0	1.0	0.0	2.0	1.0	-1.0	1.0	0.0	0.0	-2.0	1.0	-1.0	2.0	1.0	0.0	0.0	1.0	1.0	4.0	0.0	0.0	1.0	1.0	0.0	0.0	1.0	-1.0	1.0	0.0
LIPS_944_956		0.0	2.0	0.0	4.0	4.0	0.0	1.0	3.0	4.0	7.0	1.0	1.0	3.0	4.0	9.0	1.0	2.0	2.0	5.0	10.0	0.0	-1.0	3.0	3.0	8.0	1.0	1.0	2.0	4.0	6.0	2.0	1.0	1.0	5.0	7.0	0.0	1.0	3.0	6.0	12.0	2.0	2.0	2.0	6.0	12.0	1.0	2.0	5.0	5.0	13.0	1.0	1.0	2.0	7.0	12.0	0.0	1.0	4.0	7.0	15.0
MYBB_513_525		-1.0	1.0	1.0	2.0	3.0	-1.0	0.0	0.0	2.0	3.0	1.0	-1.0	0.0	0.0	1.0	-2.0	1.0	-1.0	2.0	3.0	0.0	-1.0	1.0	2.0	2.0	0.0	1.0	0.0	0.0	2.0	0.0	-1.0	0.0	1.0	3.0	0.0	1.0	2.0	2.0	2.0	0.0	0.0	0.0	2.0	3.0	1.0	1.0	0.0	1.0	2.0	0.0	0.0	-1.0	1.0	3.0	0.0	1.0	2.0	0.0	1.0
PLEK_106_118		3.0	6.0	12.0	25.0	52.0	6.0	15.0	39.0	82.0	160.0	8.0	14.0	35.0	70.0	138.0	4.0	10.0	27.0	53.0	108.0	6.0	10.0	22.0	47.0	96.0	7.0	12.0	31.0	61.0	117.0	8.0	17.0	42.0	86.0	169.0	5.0	11.0	32.0	67.0	136.0	7.0	13.0	31.0	64.0	129.0	6.0	14.0	40.0	78.0	153.0	7.0	14.0	32.0	63.0	126.0	7.0	8.0	29.0	59.0	120.0
RBL2_632_644		0.0	0.0	1.0	1.0	3.0	0.0	-1.0	0.0	-1.0	1.0	0.0	0.0	1.0	1.0	4.0	1.0	3.0	0.0	1.0	3.0	0.0	1.0	0.0	1.0	2.0	-1.0	-1.0	0.0	2.0	3.0	-1.0	1.0	0.0	2.0	2.0	1.0	1.0	2.0	-1.0	2.0	-1.0	1.0	1.0	0.0	0.0	0.0	0.0	-2.0	1.0	3.0	-1.0	-1.0	1.0	2.0	2.0	-2.0	0.0	1.0	0.0	2.0
VIGLN_289_301		0.0	1.0	0.0	2.0	5.0	1.0	0.0	0.0	2.0	6.0	1.0	1.0	0.0	-1.0	3.0	0.0	0.0	1.0	1.0	2.0	0.0	2.0	2.0	1.0	2.0	-1.0	0.0	1.0	3.0	6.0	1.0	1.0	0.0	2.0	7.0	-1.0	0.0	2.0	2.0	4.0	0.0	1.0	0.0	1.0	4.0	0.0	0.0	1.0	1.0	6.0	0.0	1.0	1.0	0.0	4.0	-2.0	-1.0	1.0	2.0	3.0
GRIK2_708_720		1.0	1.0	3.0	5.0	12.0	1.0	2.0	3.0	8.0	16.0	0.0	2.0	6.0	12.0	27.0	0.0	1.0	2.0	6.0	14.0	0.0	2.0	5.0	9.0	15.0	1.0	2.0	2.0	5.0	12.0	1.0	1.0	3.0	7.0	19.0	1.0	2.0	4.0	9.0	18.0	2.0	1.0	3.0	7.0	15.0	0.0	1.0	4.0	9.0	18.0	-1.0	2.0	4.0	7.0	15.0	1.0	1.0	3.0	5.0	11.0
RADI_559_569		1.0	0.0	0.0	2.0	4.0	-1.0	0.0	1.0	1.0	4.0	0.0	0.0	-1.0	2.0	3.0	-1.0	0.0	3.0	2.0	6.0	1.0	0.0	2.0	2.0	4.0	1.0	1.0	2.0	2.0	4.0	0.0	0.0	1.0	3.0	3.0	2.0	0.0	1.0	2.0	8.0	0.0	0.0	2.0	1.0	4.0	0.0	2.0	0.0	2.0	7.0	-1.0	0.0	1.0	2.0	7.0	0.0	1.0	3.0	4.0	5.0
ACM1_421_433		1.0	-1.0	5.0	13.0	21.0	0.0	1.0	10.0	20.0	42.0	2.0	3.0	5.0	15.0	35.0	1.0	1.0	7.0	14.0	30.0	1.0	1.0	4.0	11.0	17.0	0.0	1.0	8.0	16.0	30.0	1.0	4.0	7.0	20.0	27.0	1.0	2.0	6.0	15.0	28.0	-1.0	0.0	7.0	18.0	31.0	2.0	2.0	5.0	21.0	49.0	1.0	4.0	9.0	16.0	32.0	1.0	1.0	8.0	14.0	37.0
ATM_1972_1984		1.0	-1.0	-1.0	1.0	2.0	1.0	-1.0	-1.0	-3.0	0.0	0.0	0.0	-1.0	0.0	2.0	0.0	1.0	-1.0	0.0	0.0	0.0	0.0	-1.0	-1.0	0.0	-1.0	0.0	-1.0	-1.0	0.0	-1.0	1.0	0.0	-1.0	-1.0	1.0	1.0	-2.0	-1.0	-3.0	1.0	-1.0	-1.0	0.0	-3.0	-1.0	-2.0	-1.0	-6.0	-7.0	-1.0	0.0	-2.0	-1.0	-1.0	0.0	0.0	0.0	0.0	-1.0
CDN1B_151_163		0.0	0.0	-1.0	0.0	3.0	0.0	0.0	-2.0	-1.0	-3.0	-1.0	-1.0	0.0	1.0	0.0	-1.0	0.0	-1.0	-2.0	0.0	0.0	-1.0	-1.0	-1.0	0.0	-1.0	0.0	1.0	0.0	-3.0	0.0	0.0	0.0	-2.0	-3.0	0.0	-1.0	-2.0	-2.0	-5.0	-2.0	-1.0	1.0	2.0	1.0	1.0	-1.0	-1.0	-1.0	-3.0	-1.0	-1.0	-1.0	-1.0	-1.0	-1.0	-1.0	0.0	0.0	0.0
FOXO3_25_37		6.0	13.0	29.0	57.0	113.0	10.0	19.0	45.0	93.0	192.0	8.0	15.0	38.0	79.0	158.0	8.0	15.0	39.0	80.0	154.0	5.0	12.0	34.0	69.0	142.0	8.0	12.0	32.0	62.0	124.0	7.0	15.0	35.0	72.0	149.0	8.0	17.0	45.0	88.0	181.0	9.0	14.0	41.0	81.0	164.0	7.0	16.0	42.0	88.0	177.0	6.0	14.0	35.0	69.0	140.0	7.0	13.0	36.0	75.0	151.0
IKKB_686_698		0.0	1.0	2.0	-2.0	3.0	-1.0	1.0	2.0	0.0	1.0	-1.0	-1.0	0.0	-1.0	0.0	1.0	-1.0	0.0	0.0	0.0	0.0	0.0	1.0	1.0	-1.0	1.0	2.0	1.0	1.0	1.0	1.0	2.0	1.0	0.0	2.0	1.0	0.0	1.0	1.0	1.0	0.0	1.0	0.0	2.0	1.0	0.0	1.0	0.0	0.0	1.0	0.0	-1.0	0.0	0.0	1.0	1.0	-1.0	0.0	2.0	3.0
LMNA_192_204		0.0	1.0	0.0	0.0	3.0	-1.0	1.0	0.0	1.0	1.0	0.0	0.0	1.0	0.0	0.0	1.0	-1.0	3.0	2.0	2.0	0.0	0.0	1.0	4.0	3.0	0.0	1.0	0.0	2.0	0.0	0.0	-1.0	1.0	0.0	0.0	0.0	0.0	-1.0	1.0	2.0	-1.0	0.0	-2.0	2.0	2.0	0.0	0.0	0.0	2.0	1.0	-1.0	1.0	0.0	0.0	3.0	0.0	-1.0	0.0	1.0	3.0
MYC_51_63		1.0	2.0	2.0	2.0	5.0	0.0	1.0	0.0	1.0	4.0	-1.0	1.0	1.0	1.0	4.0	1.0	1.0	0.0	3.0	2.0	-1.0	0.0	1.0	2.0	6.0	1.0	2.0	3.0	3.0	3.0	2.0	3.0	2.0	3.0	4.0	1.0	0.0	1.0	1.0	2.0	1.0	0.0	0.0	2.0	3.0	0.0	-1.0	1.0	2.0	2.0	0.0	0.0	1.0	2.0	2.0	1.0	1.0	1.0	0.0	2.0
PP2AB_297_309		-1.0	-1.0	2.0	4.0	6.0	2.0	2.0	0.0	3.0	7.0	1.0	2.0	2.0	3.0	7.0	-1.0	2.0	0.0	1.0	6.0	0.0	1.0	0.0	3.0	5.0	-1.0	0.0	-1.0	1.0	1.0	0.0	3.0	1.0	3.0	6.0	0.0	1.0	2.0	3.0	5.0	1.0	0.0	2.0	3.0	3.0	1.0	0.0	0.0	2.0	6.0	-1.0	0.0	1.0	4.0	6.0	1.0	0.0	1.0	2.0	5.0
RBL2_655_667		2.0	3.0	5.0	12.0	22.0	1.0	2.0	6.0	10.0	25.0	2.0	3.0	3.0	9.0	21.0	2.0	3.0	5.0	9.0	20.0	0.0	3.0	6.0	10.0	22.0	0.0	1.0	4.0	9.0	16.0	-1.0	3.0	6.0	11.0	20.0	2.0	3.0	6.0	12.0	20.0	0.0	3.0	5.0	11.0	22.0	1.0	2.0	5.0	10.0	18.0	2.0	1.0	5.0	10.0	19.0	0.0	1.0	3.0	9.0	18.0
YAP1_121_133		1.0	1.0	2.0	4.0	6.0	1.0	-1.0	2.0	4.0	6.0	-2.0	1.0	2.0	2.0	5.0	1.0	2.0	1.0	3.0	4.0	0.0	0.0	1.0	4.0	5.0	1.0	0.0	1.0	2.0	5.0	2.0	1.0	2.0	3.0	5.0	1.0	1.0	1.0	1.0	6.0	0.0	0.0	1.0	2.0	9.0	-1.0	1.0	2.0	3.0	6.0	0.0	1.0	2.0	3.0	7.0	0.0	0.0	3.0	3.0	6.0
KAP2_92_104		2.0	7.0	10.0	25.0	48.0	4.0	7.0	18.0	38.0	74.0	0.0	8.0	16.0	32.0	67.0	4.0	5.0	17.0	35.0	68.0	1.0	6.0	16.0	33.0	64.0	4.0	7.0	17.0	32.0	65.0	1.0	4.0	10.0	18.0	41.0	4.0	6.0	18.0	38.0	72.0	4.0	5.0	15.0	33.0	60.0	4.0	10.0	19.0	38.0	84.0	3.0	9.0	17.0	36.0	71.0	3.0	8.0	18.0	33.0	67.0
RS6_228_240		2.0	1.0	1.0	5.0	11.0	1.0	1.0	3.0	10.0	14.0	1.0	1.0	4.0	8.0	13.0	0.0	1.0	2.0	8.0	12.0	2.0	0.0	3.0	5.0	13.0	0.0	1.0	3.0	3.0	7.0	1.0	-1.0	3.0	3.0	10.0	1.0	2.0	6.0	7.0	13.0	1.0	1.0	3.0	6.0	13.0	3.0	2.0	4.0	10.0	17.0	1.0	2.0	3.0	6.0	12.0	1.0	1.0	5.0	6.0	11.0
ACM1_444_456		-1.0	1.0	5.0	9.0	16.0	3.0	2.0	5.0	9.0	21.0	2.0	2.0	4.0	8.0	15.0	0.0	1.0	4.0	8.0	16.0	1.0	3.0	4.0	7.0	13.0	2.0	1.0	3.0	5.0	12.0	0.0	2.0	1.0	6.0	12.0	1.0	2.0	4.0	10.0	19.0	0.0	2.0	6.0	11.0	23.0	0.0	3.0	5.0	9.0	18.0	1.0	1.0	3.0	9.0	17.0	1.0	0.0	5.0	8.0	16.0
BAD_112_124		-1.0	1.0	4.0	4.0	10.0	2.0	0.0	3.0	7.0	15.0	0.0	1.0	3.0	8.0	13.0	1.0	-1.0	3.0	6.0	13.0	0.0	1.0	3.0	6.0	10.0	0.0	1.0	2.0	6.0	11.0	0.0	0.0	2.0	5.0	11.0	-2.0	1.0	0.0	5.0	6.0	1.0	2.0	2.0	6.0	13.0	1.0	2.0	3.0	5.0	12.0	0.0	1.0	5.0	7.0	13.0	1.0	0.0	2.0	7.0	13.0
CENPA_1_14		2.0	2.0	7.0	12.0	29.0	2.0	3.0	11.0	19.0	39.0	0.0	4.0	10.0	19.0	36.0	2.0	3.0	6.0	18.0	34.0	2.0	3.0	6.0	15.0	30.0	0.0	5.0	7.0	16.0	33.0	1.0	4.0	7.0	14.0	29.0	1.0	4.0	11.0	20.0	41.0	3.0	4.0	13.0	24.0	42.0	0.0	5.0	11.0	21.0	43.0	3.0	4.0	8.0	16.0	35.0	2.0	2.0	10.0	17.0	35.0
FRAP_2443_2455		1.0	0.0	2.0	4.0	9.0	1.0	0.0	2.0	4.0	7.0	0.0	0.0	2.0	4.0	8.0	0.0	0.0	2.0	4.0	8.0	0.0	1.0	1.0	2.0	4.0	0.0	2.0	2.0	3.0	9.0	0.0	1.0	1.0	2.0	5.0	1.0	1.0	3.0	7.0	12.0	0.0	2.0	3.0	5.0	13.0	1.0	2.0	3.0	6.0	12.0	0.0	1.0	1.0	5.0	10.0	1.0	-1.0	3.0	6.0	9.0
K6PL_766_778		1.0	0.0	2.0	2.0	5.0	0.0	1.0	0.0	2.0	3.0	1.0	-2.0	1.0	4.0	5.0	0.0	0.0	1.0	2.0	5.0	-1.0	1.0	2.0	2.0	4.0	-1.0	1.0	1.0	4.0	4.0	-1.0	0.0	2.0	2.0	4.0	0.0	0.0	3.0	3.0	6.0	1.0	1.0	1.0	1.0	5.0	1.0	0.0	3.0	2.0	4.0	1.0	-1.0	2.0	2.0	3.0	0.0	1.0	2.0	2.0	4.0
LMNB1_16_28		0.0	1.0	0.0	0.0	3.0	1.0	-1.0	0.0	1.0	3.0	-1.0	2.0	1.0	2.0	4.0	0.0	1.0	0.0	0.0	2.0	0.0	2.0	3.0	2.0	4.0	-2.0	-2.0	-1.0	1.0	3.0	0.0	2.0	2.0	2.0	3.0	0.0	1.0	1.0	2.0	5.0	1.0	0.0	0.0	3.0	3.0	0.0	0.0	2.0	1.0	3.0	-1.0	0.0	1.0	1.0	2.0	1.0	0.0	2.0	0.0	3.0
NEK2_172_184		1.0	4.0	3.0	6.0	16.0	2.0	1.0	4.0	9.0	15.0	1.0	2.0	3.0	6.0	16.0	0.0	1.0	3.0	5.0	12.0	2.0	3.0	1.0	7.0	13.0	1.0	2.0	3.0	5.0	12.0	0.0	1.0	4.0	9.0	12.0	2.0	1.0	2.0	8.0	14.0	1.0	2.0	3.0	8.0	15.0	1.0	2.0	3.0	6.0	15.0	1.0	2.0	4.0	7.0	13.0	0.0	1.0	4.0	7.0	12.0
PPR1A_28_40		10.0	22.0	53.0	110.0	219.0	13.0	28.0	74.0	146.0	292.0	12.0	26.0	63.0	126.0	251.0	13.0	22.0	61.0	121.0	251.0	11.0	19.0	55.0	107.0	217.0	7.0	21.0	52.0	101.0	212.0	12.0	25.0	56.0	111.0	228.0	12.0	23.0	58.0	113.0	228.0	12.0	22.0	59.0	122.0	237.0	11.0	24.0	60.0	121.0	245.0	12.0	24.0	63.0	127.0	253.0	10.0	25.0	59.0	128.0	249.0
RBL2_959_971		-1.0	0.0	1.0	3.0	5.0	0.0	1.0	1.0	1.0	3.0	-1.0	0.0	2.0	0.0	3.0	0.0	1.0	-1.0	1.0	2.0	1.0	-1.0	1.0	1.0	2.0	0.0	0.0	-1.0	0.0	1.0	-1.0	1.0	2.0	1.0	0.0	0.0	1.0	-1.0	2.0	3.0	0.0	1.0	0.0	1.0	2.0	1.0	0.0	1.0	3.0	2.0	-1.0	2.0	-2.0	0.0	4.0	-1.0	2.0	1.0	1.0	2.0
ADRB2_338_350		1.0	2.0	3.0	5.0	9.0	-1.0	2.0	2.0	5.0	15.0	0.0	2.0	4.0	8.0	15.0	1.0	2.0	3.0	9.0	14.0	0.0	1.0	4.0	5.0	11.0	1.0	2.0	2.0	6.0	12.0	2.0	0.0	4.0	6.0	13.0	0.0	2.0	3.0	9.0	15.0	-1.0	0.0	4.0	6.0	11.0	0.0	2.0	3.0	9.0	20.0	2.0	2.0	4.0	7.0	14.0	0.0	2.0	3.0	5.0	13.0
KCC2G_278_289		1.0	1.0	4.0	8.0	13.0	1.0	1.0	5.0	10.0	19.0	1.0	2.0	3.0	8.0	16.0	1.0	1.0	4.0	8.0	16.0	0.0	2.0	3.0	6.0	16.0	1.0	1.0	3.0	6.0	15.0	1.0	2.0	1.0	7.0	11.0	0.0	2.0	3.0	7.0	12.0	1.0	1.0	3.0	6.0	14.0	1.0	1.0	2.0	8.0	12.0	1.0	0.0	3.0	7.0	13.0	1.0	0.0	6.0	6.0	15.0
RYR1_4317_4329		0.0	1.0	5.0	10.0	21.0	2.0	4.0	11.0	20.0	37.0	2.0	4.0	8.0	17.0	32.0	1.0	2.0	8.0	16.0	27.0	1.0	2.0	7.0	14.0	30.0	0.0	3.0	9.0	17.0	31.0	2.0	0.0	5.0	9.0	19.0	2.0	3.0	8.0	16.0	33.0	2.0	2.0	8.0	15.0	30.0	1.0	3.0	8.0	15.0	31.0	0.0	1.0	7.0	12.0	26.0	3.0	1.0	7.0	11.0	25.0
ACM4_456_468		1.0	2.0	5.0	10.0	19.0	-1.0	3.0	7.0	15.0	30.0	1.0	2.0	8.0	17.0	29.0	1.0	2.0	8.0	12.0	27.0	1.0	2.0	6.0	10.0	21.0	2.0	2.0	5.0	13.0	24.0	2.0	2.0	6.0	10.0	25.0	1.0	4.0	6.0	15.0	29.0	1.0	3.0	9.0	17.0	32.0	2.0	4.0	9.0	17.0	38.0	1.0	3.0	7.0	14.0	29.0	2.0	4.0	9.0	15.0	27.0
BAD_69_81		1.0	1.0	5.0	6.0	13.0	1.0	2.0	5.0	11.0	20.0	0.0	3.0	3.0	6.0	14.0	0.0	2.0	4.0	7.0	16.0	0.0	0.0	2.0	3.0	9.0	1.0	2.0	4.0	6.0	12.0	1.0	1.0	2.0	4.0	8.0	0.0	1.0	6.0	11.0	18.0	0.0	3.0	6.0	11.0	22.0	2.0	2.0	6.0	11.0	24.0	1.0	2.0	5.0	12.0	21.0	2.0	3.0	5.0	12.0	25.0
COF1_17_29		0.0	0.0	1.0	1.0	4.0	0.0	-1.0	0.0	1.0	4.0	1.0	1.0	1.0	1.0	2.0	0.0	0.0	0.0	1.0	1.0	-1.0	0.0	0.0	1.0	1.0	1.0	0.0	2.0	0.0	1.0	-1.0	0.0	1.0	1.0	3.0	1.0	1.0	0.0	0.0	2.0	-1.0	0.0	0.0	1.0	1.0	2.0	0.0	0.0	1.0	4.0	0.0	1.0	0.0	1.0	0.0	1.0	0.0	-1.0	-1.0	1.0
FRAP_2475_2487		1.0	-1.0	0.0	1.0	2.0	0.0	0.0	0.0	0.0	2.0	0.0	-1.0	2.0	0.0	1.0	-1.0	0.0	0.0	-1.0	1.0	0.0	1.0	2.0	2.0	1.0	-1.0	1.0	2.0	0.0	2.0	0.0	1.0	1.0	2.0	3.0	-1.0	1.0	1.0	2.0	1.0	1.0	0.0	0.0	2.0	2.0	0.0	0.0	0.0	1.0	1.0	-1.0	0.0	1.0	1.0	1.0	1.0	0.0	1.0	2.0	1.0
KAPCG_192_206		0.0	2.0	4.0	6.0	9.0	1.0	1.0	3.0	7.0	11.0	-1.0	2.0	5.0	5.0	9.0	1.0	0.0	2.0	4.0	8.0	0.0	0.0	1.0	5.0	8.0	-1.0	0.0	4.0	3.0	9.0	-2.0	2.0	1.0	4.0	9.0	1.0	1.0	3.0	5.0	11.0	1.0	1.0	2.0	5.0	11.0	1.0	2.0	2.0	4.0	11.0	1.0	2.0	3.0	5.0	10.0	0.0	1.0	4.0	4.0	10.0
MARCS_152_164		1.0	1.0	4.0	9.0	17.0	2.0	2.0	5.0	11.0	19.0	1.0	4.0	6.0	10.0	20.0	1.0	2.0	4.0	9.0	17.0	1.0	0.0	3.0	9.0	17.0	2.0	1.0	4.0	11.0	19.0	2.0	2.0	5.0	8.0	17.0	1.0	4.0	5.0	11.0	22.0	0.0	1.0	6.0	9.0	24.0	1.0	3.0	7.0	12.0	23.0	2.0	4.0	6.0	11.0	23.0	1.0	1.0	5.0	10.0	19.0
NEK3_158_170		-2.0	1.0	2.0	4.0	9.0	0.0	1.0	2.0	2.0	9.0	1.0	1.0	0.0	4.0	9.0	-1.0	1.0	2.0	4.0	8.0	1.0	0.0	2.0	3.0	7.0	1.0	0.0	1.0	3.0	7.0	0.0	1.0	3.0	5.0	9.0	1.0	-1.0	2.0	5.0	10.0	1.0	2.0	1.0	3.0	8.0	0.0	1.0	0.0	4.0	8.0	-1.0	1.0	0.0	5.0	9.0	1.0	1.0	2.0	4.0	6.0
PRKDC_2618_2630		1.0	1.0	2.0	6.0	13.0	1.0	3.0	4.0	8.0	19.0	0.0	2.0	3.0	6.0	13.0	-2.0	2.0	3.0	7.0	13.0	-1.0	0.0	4.0	6.0	13.0	-1.0	2.0	3.0	5.0	9.0	3.0	1.0	5.0	5.0	11.0	0.0	2.0	3.0	7.0	16.0	0.0	2.0	4.0	8.0	14.0	1.0	1.0	4.0	5.0	14.0	1.0	0.0	4.0	7.0	15.0	0.0	3.0	4.0	8.0	14.0
REL_260_272		0.0	2.0	1.0	3.0	2.0	0.0	2.0	1.0	2.0	4.0	0.0	0.0	0.0	3.0	4.0	1.0	1.0	0.0	2.0	5.0	0.0	0.0	1.0	2.0	3.0	0.0	1.0	1.0	2.0	4.0	0.0	1.0	1.0	1.0	4.0	0.0	1.0	1.0	2.0	5.0	-1.0	0.0	0.0	1.0	0.0	0.0	0.0	0.0	3.0	4.0	0.0	1.0	1.0	3.0	4.0	0.0	-1.0	-1.0	1.0	2.0
ART_025_CXGLRRWSLGGLRRWSL		1.0	5.0	7.0	14.0	28.0	3.0	4.0	10.0	20.0	44.0	3.0	4.0	9.0	20.0	36.0	1.0	4.0	9.0	21.0	37.0	1.0	3.0	7.0	14.0	31.0	3.0	3.0	7.0	13.0	31.0	2.0	4.0	11.0	20.0	41.0	1.0	4.0	9.0	19.0	40.0	2.0	4.0	10.0	17.0	34.0	1.0	3.0	9.0	20.0	36.0	2.0	3.0	7.0	15.0	31.0	1.0	5.0	10.0	18.0	35.0
KCNA1_438_450		1.0	1.0	0.0	3.0	2.0	1.0	0.0	2.0	1.0	3.0	0.0	1.0	0.0	2.0	3.0	0.0	-1.0	0.0	0.0	0.0	0.0	0.0	-1.0	2.0	4.0	0.0	0.0	1.0	2.0	3.0	1.0	1.0	0.0	1.0	2.0	-1.0	-1.0	0.0	1.0	2.0	0.0	-1.0	0.0	3.0	2.0	1.0	1.0	0.0	3.0	1.0	-1.0	0.0	-1.0	1.0	2.0	-1.0	0.0	0.0	2.0	3.0
SCN7A_898_910		1.0	-1.0	2.0	2.0	6.0	0.0	0.0	1.0	2.0	5.0	1.0	0.0	1.0	4.0	7.0	0.0	0.0	0.0	1.0	7.0	1.0	0.0	1.0	2.0	6.0	0.0	2.0	0.0	3.0	4.0	1.0	1.0	1.0	3.0	6.0	2.0	2.0	2.0	5.0	8.0	1.0	2.0	2.0	4.0	5.0	0.0	2.0	2.0	5.0	9.0	0.0	0.0	2.0	4.0	8.0	0.0	-1.0	1.0	2.0	6.0
ACM5_494_506		5.0	8.0	21.0	41.0	87.0	8.0	16.0	38.0	79.0	153.0	6.0	13.0	34.0	62.0	128.0	7.0	14.0	32.0	63.0	129.0	4.0	13.0	29.0	57.0	113.0	6.0	11.0	27.0	52.0	108.0	7.0	13.0	30.0	64.0	126.0	7.0	14.0	36.0	70.0	143.0	4.0	13.0	29.0	61.0	121.0	8.0	16.0	46.0	88.0	181.0	6.0	14.0	29.0	60.0	124.0	7.0	11.0	35.0	64.0	134.0
BAD_93_105		12.0	21.0	57.0	125.0	246.0	17.0	40.0	96.0	197.0	388.0	14.0	31.0	80.0	159.0	321.0	16.0	32.0	81.0	165.0	325.0	13.0	27.0	68.0	143.0	278.0	15.0	27.0	69.0	143.0	282.0	16.0	29.0	74.0	152.0	308.0	15.0	31.0	80.0	158.0	320.0	18.0	36.0	86.0	174.0	350.0	17.0	33.0	82.0	167.0	335.0	17.0	31.0	79.0	156.0	315.0	14.0	30.0	78.0	159.0	314.0
CSF1R_701_713		1.0	2.0	3.0	6.0	15.0	-1.0	3.0	4.0	11.0	21.0	1.0	3.0	6.0	14.0	24.0	1.0	2.0	5.0	9.0	18.0	1.0	2.0	4.0	8.0	17.0	0.0	2.0	4.0	8.0	16.0	0.0	2.0	6.0	9.0	20.0	1.0	1.0	6.0	11.0	24.0	1.0	2.0	3.0	9.0	22.0	0.0	2.0	6.0	11.0	24.0	-1.0	1.0	4.0	9.0	22.0	2.0	3.0	5.0	10.0	21.0
GPR6_349_361		1.0	2.0	3.0	7.0	14.0	1.0	1.0	3.0	8.0	12.0	1.0	1.0	4.0	7.0	13.0	1.0	2.0	3.0	6.0	14.0	1.0	1.0	3.0	6.0	13.0	1.0	0.0	3.0	6.0	12.0	2.0	3.0	2.0	7.0	14.0	2.0	3.0	3.0	8.0	15.0	0.0	2.0	4.0	7.0	13.0	1.0	0.0	4.0	9.0	15.0	0.0	1.0	2.0	8.0	12.0	1.0	2.0	4.0	9.0	14.0
KCNA2_442_454		0.0	1.0	1.0	1.0	4.0	0.0	0.0	1.0	1.0	4.0	0.0	1.0	0.0	2.0	5.0	-1.0	2.0	2.0	2.0	3.0	-1.0	1.0	3.0	0.0	4.0	0.0	1.0	1.0	1.0	3.0	1.0	1.0	2.0	3.0	3.0	-1.0	0.0	2.0	3.0	4.0	-1.0	1.0	0.0	3.0	7.0	0.0	1.0	1.0	2.0	4.0	0.0	1.0	1.0	3.0	5.0	1.0	1.0	0.0	2.0	6.0
MARCS_160_172		0.0	2.0	7.0	13.0	22.0	2.0	3.0	11.0	17.0	34.0	1.0	2.0	9.0	18.0	37.0	2.0	3.0	8.0	13.0	26.0	0.0	2.0	6.0	12.0	26.0	2.0	2.0	8.0	17.0	29.0	1.0	5.0	10.0	19.0	37.0	1.0	3.0	10.0	16.0	34.0	3.0	3.0	8.0	19.0	35.0	4.0	3.0	12.0	17.0	38.0	3.0	5.0	10.0	19.0	35.0	2.0	4.0	10.0	17.0	36.0
NMDZ1_890_902		2.0	2.0	5.0	9.0	20.0	2.0	4.0	10.0	16.0	31.0	2.0	2.0	7.0	13.0	30.0	1.0	2.0	7.0	9.0	23.0	2.0	1.0	5.0	10.0	23.0	1.0	2.0	6.0	12.0	24.0	2.0	3.0	7.0	11.0	26.0	0.0	3.0	8.0	16.0	35.0	1.0	3.0	10.0	15.0	32.0	2.0	5.0	8.0	19.0	35.0	2.0	4.0	7.0	14.0	28.0	2.0	2.0	8.0	12.0	27.0
PTK6_436_448		-1.0	0.0	1.0	3.0	5.0	0.0	0.0	0.0	1.0	7.0	0.0	1.0	0.0	4.0	9.0	1.0	1.0	1.0	3.0	6.0	0.0	0.0	3.0	2.0	5.0	1.0	-1.0	1.0	4.0	5.0	-2.0	3.0	0.0	4.0	6.0	-1.0	1.0	2.0	4.0	8.0	-1.0	1.0	0.0	3.0	4.0	-1.0	1.0	3.0	4.0	7.0	0.0	0.0	2.0	2.0	6.0	-1.0	2.0	2.0	2.0	3.0
SRC_413_425		0.0	1.0	1.0	0.0	2.0	0.0	1.0	1.0	1.0	1.0	-1.0	0.0	1.0	0.0	1.0	0.0	0.0	0.0	-2.0	3.0	2.0	0.0	0.0	0.0	2.0	1.0	0.0	1.0	1.0	0.0	0.0	1.0	1.0	0.0	0.0	1.0	2.0	-1.0	1.0	2.0	-1.0	1.0	0.0	-1.0	4.0	0.0	-1.0	1.0	1.0	-1.0	-1.0	0.0	0.0	-2.0	1.0	1.0	1.0	0.0	3.0	2.0
CAC1C_1974_1986		0.0	2.0	4.0	9.0	18.0	1.0	2.0	6.0	13.0	24.0	0.0	2.0	6.0	13.0	24.0	1.0	2.0	6.0	11.0	24.0	1.0	2.0	6.0	12.0	22.0	1.0	1.0	5.0	10.0	23.0	1.0	0.0	4.0	8.0	19.0	1.0	2.0	7.0	15.0	28.0	0.0	2.0	4.0	10.0	20.0	2.0	1.0	8.0	17.0	31.0	0.0	3.0	5.0	13.0	23.0	1.0	4.0	6.0	11.0	25.0
KPB1_1011_1023		-1.0	1.0	3.0	1.0	2.0	0.0	0.0	1.0	2.0	2.0	0.0	1.0	1.0	3.0	4.0	0.0	-1.0	1.0	3.0	1.0	1.0	1.0	1.0	2.0	4.0	1.0	-1.0	2.0	2.0	3.0	1.0	0.0	0.0	1.0	4.0	-1.0	0.0	0.0	2.0	3.0	-1.0	1.0	0.0	2.0	3.0	0.0	-1.0	3.0	3.0	1.0	0.0	1.0	2.0	1.0	4.0	0.0	0.0	0.0	2.0	3.0
SRC8_CHICK_423_435		0.0	1.0	1.0	1.0	4.0	1.0	1.0	1.0	3.0	5.0	1.0	3.0	1.0	3.0	1.0	2.0	0.0	1.0	1.0	4.0	2.0	2.0	2.0	2.0	2.0	-2.0	0.0	1.0	2.0	4.0	-1.0	0.0	1.0	2.0	1.0	1.0	1.0	1.0	2.0	4.0	0.0	-1.0	1.0	2.0	4.0	-1.0	0.0	1.0	3.0	4.0	0.0	-1.0	0.0	1.0	2.0	1.0	0.0	1.0	3.0	1.0
ACM5_498_510		2.0	4.0	9.0	20.0	36.0	3.0	8.0	17.0	32.0	64.0	2.0	6.0	12.0	27.0	51.0	3.0	5.0	15.0	29.0	58.0	0.0	4.0	9.0	18.0	40.0	2.0	5.0	11.0	23.0	45.0	2.0	4.0	12.0	23.0	48.0	-1.0	4.0	15.0	28.0	59.0	2.0	6.0	16.0	28.0	61.0	3.0	7.0	17.0	37.0	78.0	3.0	5.0	14.0	29.0	56.0	4.0	6.0	14.0	29.0	59.0
BCKD_45_57		0.0	1.0	1.0	2.0	6.0	0.0	0.0	3.0	6.0	11.0	1.0	0.0	2.0	5.0	9.0	0.0	-1.0	2.0	5.0	7.0	1.0	-1.0	1.0	4.0	6.0	2.0	-1.0	4.0	4.0	7.0	1.0	0.0	3.0	6.0	11.0	1.0	0.0	4.0	5.0	13.0	-1.0	1.0	3.0	6.0	11.0	1.0	2.0	3.0	8.0	15.0	-1.0	0.0	4.0	5.0	8.0	2.0	1.0	4.0	6.0	13.0
CSK21_355_367		0.0	0.0	0.0	2.0	4.0	1.0	0.0	1.0	-1.0	2.0	0.0	1.0	0.0	0.0	3.0	0.0	1.0	1.0	1.0	0.0	0.0	0.0	0.0	1.0	2.0	1.0	1.0	0.0	1.0	2.0	0.0	-1.0	0.0	1.0	-1.0	-1.0	-1.0	0.0	0.0	2.0	1.0	2.0	1.0	2.0	1.0	0.0	0.0	1.0	2.0	0.0	1.0	-1.0	1.0	1.0	1.0	0.0	0.0	1.0	1.0	2.0
GPSM2_394_406		0.0	-1.0	0.0	0.0	1.0	-1.0	0.0	0.0	1.0	5.0	1.0	0.0	1.0	2.0	4.0	-1.0	1.0	2.0	2.0	5.0	-2.0	0.0	2.0	1.0	4.0	1.0	0.0	1.0	3.0	3.0	0.0	1.0	2.0	3.0	6.0	0.0	1.0	0.0	3.0	4.0	-1.0	1.0	1.0	2.0	6.0	1.0	1.0	2.0	3.0	5.0	0.0	0.0	1.0	-1.0	2.0	0.0	1.0	1.0	1.0	4.0
KCNA3_461_473		1.0	0.0	1.0	3.0	4.0	-1.0	0.0	1.0	1.0	2.0	0.0	1.0	0.0	0.0	4.0	-2.0	0.0	1.0	2.0	1.0	-1.0	0.0	0.0	2.0	2.0	0.0	0.0	2.0	1.0	2.0	0.0	-1.0	0.0	0.0	4.0	0.0	2.0	2.0	3.0	3.0	1.0	1.0	1.0	3.0	5.0	1.0	0.0	1.0	0.0	2.0	0.0	1.0	0.0	1.0	4.0	0.0	1.0	1.0	2.0	2.0
MBP_222_234		2.0	10.0	20.0	41.0	87.0	6.0	11.0	28.0	52.0	107.0	4.0	9.0	20.0	39.0	82.0	3.0	5.0	16.0	29.0	59.0	4.0	7.0	18.0	39.0	78.0	4.0	7.0	21.0	42.0	82.0	5.0	8.0	20.0	41.0	92.0	5.0	10.0	23.0	46.0	92.0	4.0	10.0	24.0	50.0	102.0	4.0	7.0	17.0	34.0	69.0	4.0	8.0	20.0	32.0	74.0	4.0	9.0	19.0	36.0	76.0
NOS3_1171_1183		4.0	8.0	25.0	53.0	101.0	8.0	14.0	37.0	74.0	149.0	5.0	12.0	32.0	60.0	123.0	7.0	10.0	28.0	55.0	108.0	5.0	10.0	23.0	47.0	96.0	5.0	7.0	24.0	50.0	101.0	3.0	8.0	25.0	50.0	101.0	7.0	14.0	36.0	71.0	142.0	6.0	14.0	33.0	68.0	135.0	5.0	10.0	26.0	52.0	103.0	8.0	11.0	31.0	64.0	127.0	5.0	12.0	28.0	56.0	114.0
RAB1A_187_199		0.0	0.0	2.0	2.0	3.0	0.0	0.0	0.0	2.0	5.0	1.0	1.0	1.0	1.0	3.0	0.0	1.0	1.0	0.0	3.0	-1.0	0.0	0.0	2.0	2.0	-1.0	0.0	1.0	2.0	3.0	-1.0	1.0	1.0	2.0	2.0	0.0	0.0	-1.0	0.0	4.0	-2.0	-1.0	2.0	3.0	4.0	1.0	1.0	2.0	1.0	2.0	0.0	1.0	1.0	0.0	3.0	0.0	0.0	-1.0	0.0	4.0
STK6_283_295		6.0	11.0	28.0	61.0	121.0	13.0	29.0	71.0	143.0	281.0	10.0	23.0	62.0	125.0	245.0	9.0	22.0	53.0	111.0	221.0	9.0	18.0	46.0	93.0	181.0	10.0	22.0	54.0	111.0	219.0	15.0	27.0	71.0	139.0	281.0	12.0	29.0	74.0	151.0	301.0	12.0	23.0	54.0	114.0	220.0	17.0	33.0	91.0	178.0	361.0	13.0	25.0	64.0	124.0	250.0	13.0	26.0	65.0	130.0	261.0
CFTR_730_742		0.0	1.0	1.0	0.0	4.0	1.0	0.0	1.0	0.0	4.0	0.0	-1.0	0.0	4.0	2.0	0.0	0.0	0.0	3.0	3.0	1.0	1.0	1.0	1.0	3.0	0.0	1.0	0.0	1.0	2.0	1.0	1.0	0.0	2.0	3.0	1.0	1.0	0.0	4.0	2.0	-1.0	-1.0	1.0	2.0	1.0	0.0	0.0	0.0	1.0	3.0	2.0	2.0	3.0	4.0	8.0	0.0	-2.0	1.0	-1.0	-2.0
MYPC3_268_280		0.0	0.0	2.0	3.0	10.0	1.0	2.0	3.0	6.0	10.0	1.0	2.0	2.0	8.0	14.0	0.0	0.0	1.0	4.0	8.0	1.0	2.0	3.0	6.0	10.0	1.0	1.0	2.0	4.0	8.0	1.0	0.0	1.0	4.0	8.0	-1.0	1.0	4.0	6.0	11.0	0.0	0.0	3.0	4.0	9.0	1.0	0.0	2.0	5.0	11.0	-1.0	0.0	1.0	3.0	9.0	-1.0	3.0	2.0	4.0	6.0
VASP_271_283		1.0	1.0	1.0	5.0	9.0	2.0	5.0	13.0	23.0	46.0	2.0	3.0	10.0	19.0	36.0	3.0	4.0	8.0	14.0	28.0	1.0	2.0	5.0	10.0	22.0	1.0	2.0	7.0	15.0	27.0	1.0	5.0	15.0	27.0	53.0	3.0	3.0	10.0	18.0	36.0	1.0	2.0	8.0	17.0	37.0	2.0	6.0	16.0	34.0	70.0	1.0	4.0	12.0	24.0	44.0	1.0	5.0	8.0	16.0	33.0
ADDB_696_708		0.0	0.0	2.0	4.0	10.0	0.0	-1.0	2.0	2.0	7.0	2.0	1.0	1.0	3.0	7.0	-1.0	0.0	2.0	3.0	7.0	0.0	0.0	3.0	5.0	7.0	0.0	2.0	2.0	2.0	6.0	1.0	1.0	0.0	4.0	5.0	1.0	1.0	1.0	4.0	6.0	1.0	0.0	1.0	4.0	7.0	0.0	2.0	0.0	3.0	6.0	0.0	1.0	1.0	4.0	7.0	0.0	0.0	3.0	3.0	4.0
BRCA1_1451_1463		0.0	0.0	-1.0	1.0	2.0	0.0	1.0	1.0	0.0	3.0	0.0	0.0	0.0	1.0	2.0	-1.0	0.0	1.0	1.0	2.0	-1.0	0.0	0.0	1.0	1.0	-2.0	0.0	-2.0	1.0	0.0	0.0	0.0	1.0	0.0	0.0	0.0	0.0	0.0	1.0	3.0	0.0	0.0	0.0	1.0	1.0	1.0	0.0	3.0	1.0	1.0	0.0	0.0	1.0	1.0	1.0	0.0	0.0	1.0	1.0	2.0
DCX_49_61		-1.0	-1.0	1.0	1.0	4.0	-1.0	1.0	1.0	3.0	4.0	0.0	-1.0	-1.0	1.0	5.0	2.0	1.0	2.0	2.0	5.0	0.0	0.0	1.0	1.0	3.0	-1.0	0.0	3.0	5.0	8.0	-1.0	1.0	2.0	2.0	1.0	0.0	1.0	1.0	0.0	5.0	-1.0	0.0	0.0	3.0	5.0	0.0	0.0	1.0	3.0	5.0	0.0	1.0	1.0	-1.0	3.0	2.0	-1.0	1.0	3.0	5.0
GSUB_61_73		-1.0	2.0	3.0	6.0	10.0	0.0	1.0	2.0	7.0	10.0	1.0	1.0	2.0	6.0	11.0	0.0	1.0	3.0	7.0	11.0	0.0	1.0	3.0	6.0	11.0	1.0	0.0	3.0	4.0	10.0	-2.0	2.0	4.0	4.0	11.0	-1.0	0.0	6.0	6.0	11.0	2.0	1.0	5.0	5.0	13.0	1.0	0.0	3.0	6.0	12.0	1.0	2.0	3.0	7.0	8.0	1.0	1.0	2.0	4.0	12.0
KCNB1_489_501		0.0	1.0	2.0	3.0	5.0	1.0	-1.0	0.0	1.0	5.0	0.0	-1.0	1.0	3.0	4.0	1.0	0.0	0.0	3.0	6.0	0.0	0.0	0.0	2.0	3.0	1.0	0.0	1.0	4.0	3.0	0.0	0.0	2.0	1.0	7.0	0.0	0.0	2.0	1.0	5.0	1.0	1.0	1.0	4.0	7.0	1.0	0.0	0.0	5.0	5.0	0.0	0.0	3.0	4.0	3.0	0.0	2.0	1.0	1.0	6.0
MK10_214_226		0.0	2.0	2.0	4.0	7.0	0.0	0.0	1.0	4.0	2.0	0.0	1.0	0.0	3.0	4.0	1.0	2.0	0.0	1.0	2.0	2.0	2.0	2.0	2.0	4.0	1.0	1.0	0.0	3.0	8.0	2.0	2.0	0.0	2.0	5.0	1.0	0.0	0.0	1.0	7.0	-1.0	-2.0	0.0	3.0	4.0	-1.0	0.0	1.0	4.0	8.0	1.0	-1.0	1.0	3.0	3.0	0.0	0.0	1.0	4.0	4.0
NR4A1_344_356		1.0	2.0	4.0	11.0	22.0	3.0	3.0	9.0	15.0	32.0	1.0	4.0	7.0	14.0	27.0	0.0	0.0	5.0	9.0	22.0	-1.0	3.0	5.0	11.0	22.0	1.0	3.0	7.0	14.0	26.0	1.0	3.0	5.0	10.0	23.0	1.0	2.0	8.0	14.0	28.0	2.0	4.0	8.0	15.0	29.0	2.0	3.0	8.0	13.0	30.0	1.0	2.0	5.0	13.0	26.0	3.0	2.0	6.0	13.0	23.0
RAF1_253_265		0.0	1.0	0.0	5.0	7.0	1.0	1.0	2.0	2.0	9.0	0.0	2.0	1.0	4.0	9.0	0.0	-1.0	2.0	5.0	7.0	1.0	2.0	1.0	3.0	5.0	2.0	1.0	2.0	4.0	8.0	1.0	0.0	3.0	4.0	8.0	0.0	2.0	3.0	5.0	9.0	1.0	1.0	2.0	6.0	12.0	0.0	2.0	2.0	4.0	7.0	-1.0	1.0	1.0	4.0	9.0	1.0	2.0	2.0	6.0	9.0
STMN2_90_102		0.0	1.0	0.0	2.0	5.0	0.0	1.0	1.0	1.0	-1.0	1.0	1.0	0.0	2.0	5.0	-1.0	-1.0	0.0	1.0	3.0	-2.0	1.0	1.0	1.0	1.0	-1.0	-1.0	1.0	2.0	2.0	0.0	1.0	0.0	1.0	4.0	0.0	-1.0	2.0	1.0	3.0	1.0	0.0	0.0	3.0	3.0	-1.0	-1.0	0.0	1.0	2.0	0.0	2.0	-1.0	1.0	1.0	1.0	0.0	1.0	0.0	1.0
CGHB_109_121		3.0	4.0	12.0	27.0	54.0	10.0	25.0	60.0	118.0	242.0	10.0	20.0	43.0	90.0	177.0	6.0	12.0	28.0	59.0	121.0	5.0	12.0	29.0	59.0	116.0	8.0	14.0	38.0	77.0	158.0	11.0	25.0	60.0	126.0	250.0	10.0	21.0	48.0	100.0	201.0	7.0	14.0	36.0	70.0	144.0	11.0	26.0	71.0	143.0	297.0	8.0	13.0	35.0	68.0	143.0	8.0	16.0	38.0	78.0	158.0
NCF1_296_308		1.0	2.0	5.0	8.0	19.0	2.0	4.0	7.0	13.0	25.0	1.0	4.0	8.0	16.0	29.0	0.0	4.0	5.0	11.0	21.0	2.0	1.0	6.0	12.0	24.0	1.0	1.0	5.0	9.0	14.0	1.0	1.0	3.0	8.0	17.0	3.0	1.0	6.0	11.0	26.0	2.0	3.0	6.0	13.0	28.0	2.0	4.0	10.0	20.0	38.0	1.0	4.0	9.0	16.0	33.0	3.0	2.0	6.0	11.0	24.0
VTNC_390_402		2.0	1.0	1.0	3.0	7.0	0.0	0.0	3.0	6.0	11.0	0.0	1.0	5.0	8.0	19.0	-2.0	0.0	2.0	3.0	10.0	1.0	0.0	1.0	6.0	10.0	-1.0	-1.0	2.0	3.0	6.0	1.0	1.0	2.0	5.0	14.0	1.0	1.0	3.0	4.0	12.0	0.0	0.0	3.0	6.0	9.0	1.0	2.0	5.0	11.0	19.0	1.0	2.0	2.0	7.0	13.0	1.0	1.0	4.0	5.0	9.0
ADDB_706_718		0.0	1.0	4.0	5.0	12.0	1.0	0.0	4.0	9.0	17.0	3.0	1.0	2.0	9.0	13.0	0.0	0.0	4.0	6.0	15.0	1.0	1.0	3.0	5.0	13.0	0.0	0.0	3.0	3.0	10.0	0.0	1.0	4.0	5.0	12.0	0.0	2.0	5.0	8.0	17.0	1.0	2.0	4.0	9.0	17.0	1.0	1.0	6.0	8.0	22.0	0.0	1.0	5.0	8.0	16.0	2.0	3.0	5.0	10.0	17.0
C1R_201_213		0.0	1.0	1.0	1.0	2.0	0.0	2.0	1.0	1.0	3.0	0.0	0.0	1.0	3.0	1.0	1.0	1.0	0.0	2.0	3.0	1.0	1.0	1.0	2.0	4.0	1.0	-1.0	1.0	1.0	0.0	-1.0	-1.0	1.0	3.0	2.0	0.0	-1.0	0.0	1.0	4.0	0.0	1.0	2.0	1.0	2.0	1.0	1.0	1.0	0.0	0.0	0.0	2.0	1.0	2.0	4.0	0.0	-1.0	2.0	0.0	1.0
ELK1_356_368		2.0	-1.0	0.0	1.0	3.0	-1.0	-1.0	1.0	0.0	3.0	0.0	0.0	1.0	1.0	4.0	0.0	1.0	0.0	2.0	3.0	0.0	1.0	0.0	2.0	2.0	-1.0	1.0	0.0	1.0	4.0	0.0	0.0	2.0	3.0	5.0	1.0	3.0	1.0	2.0	5.0	1.0	0.0	-1.0	1.0	3.0	0.0	0.0	0.0	2.0	2.0	-2.0	0.0	0.0	1.0	2.0	0.0	1.0	0.0	-1.0	1.0
GYS2_1_13		16.0	29.0	72.0	145.0	293.0	19.0	40.0	95.0	189.0	386.0	15.0	30.0	75.0	151.0	301.0	17.0	32.0	81.0	170.0	338.0	15.0	34.0	81.0	158.0	318.0	12.0	31.0	79.0	155.0	312.0	15.0	33.0	83.0	172.0	344.0	20.0	38.0	92.0	193.0	379.0	15.0	35.0	90.0	181.0	360.0	18.0	38.0	95.0	189.0	387.0	17.0	34.0	87.0	173.0	346.0	14.0	31.0	76.0	154.0	315.0
KIF11_919_931		0.0	0.0	1.0	1.0	2.0	1.0	1.0	0.0	1.0	3.0	0.0	1.0	-1.0	3.0	4.0	0.0	-1.0	2.0	1.0	1.0	-1.0	1.0	1.0	0.0	3.0	0.0	0.0	-1.0	2.0	2.0	2.0	0.0	3.0	2.0	2.0	0.0	2.0	-1.0	0.0	1.0	1.0	1.0	1.0	1.0	2.0	0.0	0.0	-1.0	3.0	5.0	2.0	-2.0	0.0	0.0	4.0	1.0	-1.0	2.0	1.0	3.0
MP2K1_281_293		1.0	-1.0	0.0	1.0	2.0	0.0	0.0	-1.0	0.0	3.0	1.0	1.0	1.0	1.0	3.0	0.0	0.0	0.0	2.0	3.0	0.0	0.0	0.0	2.0	2.0	1.0	1.0	1.0	1.0	2.0	0.0	0.0	0.0	1.0	3.0	0.0	0.0	2.0	1.0	2.0	1.0	0.0	-1.0	1.0	3.0	-1.0	1.0	0.0	1.0	3.0	1.0	1.0	0.0	2.0	2.0	0.0	0.0	1.0	0.0	1.0
NTRK3_824_836		-1.0	-1.0	3.0	3.0	3.0	0.0	2.0	1.0	1.0	5.0	-1.0	1.0	2.0	2.0	3.0	1.0	1.0	1.0	2.0	3.0	0.0	0.0	1.0	3.0	3.0	-1.0	0.0	2.0	1.0	4.0	2.0	-1.0	0.0	2.0	6.0	0.0	1.0	1.0	3.0	5.0	1.0	0.0	2.0	2.0	5.0	1.0	1.0	0.0	4.0	6.0	1.0	0.0	1.0	3.0	5.0	0.0	1.0	0.0	0.0	4.0
RAP1B_172_184		1.0	1.0	5.0	7.0	14.0	1.0	3.0	5.0	10.0	17.0	1.0	1.0	5.0	9.0	16.0	0.0	2.0	5.0	7.0	16.0	0.0	2.0	3.0	6.0	15.0	1.0	1.0	4.0	7.0	17.0	1.0	2.0	5.0	10.0	18.0	2.0	2.0	3.0	10.0	21.0	0.0	3.0	7.0	10.0	20.0	2.0	3.0	6.0	10.0	19.0	0.0	2.0	6.0	11.0	20.0	0.0	3.0	5.0	10.0	19.0
TAU_524_536		0.0	1.0	2.0	2.0	7.0	-1.0	-1.0	0.0	3.0	5.0	3.0	1.0	3.0	2.0	6.0	-1.0	1.0	2.0	3.0	6.0	0.0	0.0	0.0	1.0	4.0	-1.0	0.0	1.0	1.0	6.0	0.0	1.0	1.0	3.0	5.0	0.0	0.0	1.0	4.0	7.0	0.0	1.0	0.0	2.0	7.0	1.0	1.0	3.0	3.0	8.0	-1.0	1.0	2.0	3.0	6.0	0.0	0.0	2.0	4.0	5.0
CREB1_126_138		-1.0	1.0	2.0	8.0	14.0	1.0	0.0	5.0	9.0	18.0	0.0	2.0	7.0	13.0	24.0	0.0	2.0	4.0	7.0	16.0	0.0	1.0	4.0	6.0	17.0	0.0	2.0	3.0	7.0	15.0	1.0	1.0	2.0	4.0	10.0	0.0	2.0	3.0	8.0	18.0	1.0	1.0	5.0	10.0	19.0	2.0	2.0	6.0	11.0	21.0	0.0	1.0	3.0	8.0	17.0	1.0	-1.0	5.0	9.0	15.0
NCF1_321_333		-1.0	0.0	2.0	6.0	10.0	-1.0	2.0	2.0	6.0	11.0	0.0	2.0	4.0	7.0	16.0	2.0	2.0	1.0	6.0	9.0	1.0	2.0	2.0	6.0	12.0	1.0	0.0	2.0	4.0	11.0	1.0	0.0	3.0	4.0	10.0	0.0	2.0	4.0	6.0	15.0	1.0	1.0	3.0	5.0	12.0	1.0	2.0	2.0	7.0	14.0	1.0	2.0	2.0	6.0	11.0	0.0	1.0	3.0	4.0	9.0
CFTR_761_773		3.0	4.0	10.0	23.0	43.0	3.0	5.0	16.0	33.0	67.0	4.0	9.0	20.0	44.0	89.0	3.0	6.0	12.0	24.0	48.0	3.0	7.0	17.0	35.0	72.0	1.0	5.0	12.0	23.0	47.0	3.0	4.0	11.0	21.0	43.0	4.0	6.0	16.0	39.0	77.0	3.0	5.0	16.0	29.0	58.0	5.0	9.0	17.0	37.0	78.0	0.0	6.0	15.0	28.0	59.0	2.0	4.0	8.0	17.0	34.0
AKT1_301_313		0.0	1.0	2.0	1.0	4.0	0.0	0.0	2.0	2.0	2.0	-1.0	0.0	0.0	3.0	3.0	1.0	1.0	2.0	4.0	4.0	-1.0	0.0	1.0	2.0	3.0	0.0	0.0	0.0	1.0	3.0	0.0	1.0	0.0	1.0	4.0	1.0	0.0	1.0	1.0	3.0	0.0	0.0	1.0	2.0	4.0	2.0	1.0	1.0	2.0	5.0	2.0	2.0	2.0	3.0	6.0	0.0	1.0	1.0	3.0	6.0
CA2D1_494_506		3.0	6.0	18.0	33.0	66.0	6.0	9.0	21.0	45.0	87.0	3.0	8.0	19.0	36.0	80.0	4.0	9.0	19.0	38.0	80.0	4.0	7.0	18.0	33.0	69.0	2.0	5.0	19.0	35.0	78.0	6.0	8.0	22.0	41.0	82.0	3.0	8.0	20.0	37.0	74.0	5.0	7.0	21.0	41.0	89.0	4.0	10.0	25.0	51.0	99.0	5.0	10.0	20.0	42.0	82.0	5.0	6.0	15.0	32.0	69.0
ELK1_410_422		-1.0	0.0	0.0	-1.0	2.0	1.0	-1.0	1.0	0.0	2.0	0.0	1.0	1.0	3.0	2.0	0.0	0.0	0.0	0.0	1.0	0.0	-2.0	0.0	0.0	2.0	0.0	-1.0	0.0	3.0	4.0	0.0	0.0	1.0	0.0	1.0	0.0	-1.0	1.0	1.0	2.0	-1.0	0.0	0.0	0.0	2.0	1.0	0.0	1.0	-1.0	1.0	0.0	0.0	0.0	0.0	1.0	0.0	0.0	0.0	-1.0	3.0
H2B1B_ 27_40		0.0	2.0	3.0	5.0	12.0	1.0	0.0	2.0	6.0	13.0	1.0	1.0	2.0	5.0	12.0	1.0	2.0	4.0	6.0	13.0	0.0	1.0	4.0	5.0	12.0	1.0	2.0	5.0	7.0	15.0	1.0	1.0	4.0	5.0	10.0	0.0	2.0	4.0	8.0	16.0	-1.0	1.0	4.0	9.0	19.0	2.0	2.0	5.0	9.0	19.0	2.0	2.0	4.0	7.0	17.0	1.0	3.0	5.0	10.0	18.0
KIF2C_105_118_S106G		1.0	3.0	5.0	7.0	19.0	2.0	4.0	7.0	17.0	36.0	2.0	4.0	10.0	19.0	37.0	1.0	2.0	7.0	15.0	30.0	2.0	3.0	6.0	13.0	23.0	2.0	3.0	7.0	15.0	28.0	3.0	3.0	7.0	17.0	36.0	1.0	2.0	9.0	16.0	32.0	2.0	3.0	9.0	16.0	34.0	2.0	4.0	12.0	22.0	45.0	0.0	3.0	10.0	16.0	33.0	1.0	5.0	7.0	16.0	33.0
MP2K1_287_299		2.0	3.0	8.0	16.0	38.0	2.0	4.0	12.0	22.0	46.0	3.0	3.0	10.0	21.0	39.0	1.0	3.0	9.0	18.0	37.0	2.0	3.0	9.0	18.0	36.0	3.0	3.0	9.0	19.0	35.0	0.0	4.0	8.0	17.0	34.0	2.0	4.0	10.0	19.0	38.0	1.0	5.0	11.0	23.0	46.0	2.0	4.0	12.0	21.0	41.0	0.0	3.0	9.0	17.0	35.0	2.0	4.0	8.0	18.0	32.0
P53_12_24		2.0	0.0	4.0	2.0	6.0	2.0	1.0	2.0	3.0	9.0	0.0	0.0	2.0	4.0	8.0	1.0	1.0	2.0	2.0	10.0	1.0	0.0	2.0	4.0	8.0	1.0	-1.0	1.0	3.0	6.0	0.0	1.0	2.0	4.0	7.0	0.0	1.0	1.0	2.0	8.0	1.0	0.0	0.0	4.0	7.0	1.0	0.0	2.0	5.0	8.0	2.0	0.0	2.0	3.0	7.0	1.0	0.0	1.0	1.0	8.0
RB_242_254		1.0	3.0	7.0	10.0	23.0	1.0	4.0	8.0	16.0	29.0	2.0	4.0	7.0	8.0	21.0	0.0	2.0	3.0	10.0	21.0	0.0	2.0	5.0	11.0	23.0	1.0	2.0	4.0	8.0	19.0	3.0	1.0	4.0	10.0	15.0	1.0	3.0	6.0	13.0	25.0	1.0	1.0	7.0	14.0	27.0	2.0	1.0	5.0	9.0	22.0	1.0	2.0	5.0	8.0	17.0	1.0	0.0	6.0	11.0	19.0
TLE2_246_258		-1.0	0.0	-1.0	1.0	2.0	1.0	0.0	1.0	2.0	2.0	-1.0	0.0	1.0	3.0	2.0	0.0	2.0	1.0	2.0	2.0	-1.0	-1.0	0.0	0.0	4.0	-1.0	0.0	-1.0	0.0	3.0	0.0	0.0	0.0	1.0	2.0	0.0	0.0	-1.0	2.0	3.0	-1.0	1.0	0.0	2.0	4.0	1.0	0.0	2.0	1.0	2.0	0.0	-1.0	0.0	2.0	0.0	1.0	1.0	1.0	1.0	2.0
DESP_2842_2854		0.0	1.0	2.0	1.0	6.0	-1.0	0.0	1.0	3.0	7.0	1.0	1.0	0.0	5.0	8.0	-1.0	0.0	1.0	4.0	7.0	0.0	1.0	2.0	2.0	6.0	0.0	-1.0	1.0	5.0	7.0	1.0	-1.0	0.0	3.0	5.0	0.0	2.0	1.0	5.0	10.0	0.0	2.0	2.0	4.0	8.0	1.0	0.0	4.0	3.0	10.0	-1.0	-1.0	1.0	3.0	7.0	1.0	0.0	2.0	5.0	11.0
NFKB1_330_342		-1.0	2.0	1.0	2.0	5.0	-1.0	1.0	1.0	3.0	4.0	1.0	0.0	2.0	3.0	6.0	0.0	2.0	0.0	2.0	5.0	0.0	1.0	1.0	2.0	4.0	-1.0	0.0	0.0	2.0	2.0	-1.0	2.0	2.0	1.0	4.0	0.0	1.0	1.0	4.0	5.0	0.0	1.0	0.0	2.0	5.0	1.0	1.0	2.0	4.0	6.0	0.0	-1.0	3.0	0.0	3.0	0.0	0.0	1.0	1.0	3.0
F263_454_466		0.0	1.0	1.0	2.0	5.0	2.0	2.0	0.0	3.0	5.0	1.0	2.0	7.0	11.0	21.0	1.0	1.0	1.0	1.0	5.0	1.0	0.0	3.0	6.0	11.0	0.0	0.0	2.0	3.0	4.0	0.0	2.0	2.0	5.0	10.0	0.0	1.0	3.0	6.0	11.0	0.0	0.0	2.0	3.0	7.0	1.0	0.0	4.0	7.0	18.0	1.0	2.0	2.0	3.0	10.0	-1.0	1.0	2.0	2.0	3.0
ANDR_785_797		3.0	4.0	12.0	24.0	52.0	2.0	5.0	15.0	33.0	66.0	2.0	5.0	14.0	31.0	65.0	3.0	6.0	16.0	30.0	66.0	2.0	5.0	14.0	27.0	55.0	1.0	2.0	12.0	27.0	56.0	3.0	5.0	13.0	27.0	56.0	3.0	6.0	18.0	33.0	67.0	4.0	7.0	17.0	39.0	76.0	4.0	9.0	23.0	42.0	80.0	3.0	5.0	14.0	29.0	60.0	3.0	6.0	14.0	28.0	52.0
CD27_212_224		2.0	2.0	5.0	11.0	22.0	1.0	3.0	6.0	16.0	32.0	1.0	4.0	8.0	17.0	32.0	1.0	3.0	7.0	16.0	32.0	0.0	3.0	5.0	14.0	26.0	2.0	2.0	8.0	16.0	28.0	1.0	1.0	6.0	11.0	23.0	2.0	4.0	9.0	18.0	36.0	3.0	4.0	9.0	20.0	41.0	2.0	4.0	11.0	20.0	41.0	1.0	1.0	9.0	16.0	34.0	1.0	4.0	9.0	15.0	31.0
ERBB2_679_691		3.0	7.0	15.0	29.0	62.0	6.0	11.0	29.0	60.0	119.0	5.0	9.0	25.0	49.0	97.0	3.0	8.0	23.0	44.0	91.0	5.0	2.0	19.0	41.0	83.0	5.0	11.0	25.0	50.0	104.0	2.0	7.0	18.0	33.0	71.0	2.0	10.0	25.0	50.0	103.0	5.0	11.0	31.0	60.0	121.0	5.0	14.0	35.0	69.0	142.0	5.0	11.0	26.0	52.0	107.0	4.0	6.0	22.0	43.0	89.0
H32_3_18		1.0	2.0	3.0	8.0	8.0	1.0	2.0	5.0	8.0	15.0	2.0	2.0	5.0	7.0	13.0	1.0	2.0	4.0	6.0	11.0	1.0	0.0	4.0	5.0	12.0	2.0	2.0	3.0	7.0	14.0	1.0	2.0	3.0	5.0	11.0	1.0	2.0	2.0	7.0	14.0	0.0	2.0	6.0	8.0	17.0	2.0	1.0	3.0	7.0	18.0	0.0	1.0	3.0	5.0	13.0	2.0	1.0	2.0	7.0	13.0
KPCB_19_31_A25S		0.0	3.0	6.0	18.0	34.0	3.0	6.0	14.0	27.0	55.0	2.0	0.0	14.0	24.0	51.0	3.0	4.0	9.0	19.0	42.0	3.0	3.0	11.0	20.0	43.0	2.0	3.0	12.0	24.0	49.0	3.0	3.0	8.0	16.0	35.0	2.0	5.0	11.0	23.0	45.0	4.0	6.0	15.0	31.0	64.0	3.0	9.0	18.0	33.0	68.0	2.0	5.0	12.0	23.0	48.0	1.0	4.0	11.0	24.0	47.0
MPH6_140_152		-2.0	2.0	2.0	1.0	2.0	0.0	2.0	1.0	2.0	2.0	-1.0	0.0	1.0	2.0	5.0	0.0	0.0	2.0	2.0	1.0	0.0	0.0	1.0	-1.0	2.0	1.0	0.0	0.0	2.0	2.0	1.0	1.0	-1.0	0.0	3.0	0.0	1.0	0.0	3.0	3.0	0.0	0.0	1.0	1.0	1.0	2.0	2.0	0.0	1.0	3.0	1.0	1.0	0.0	2.0	0.0	1.0	0.0	1.0	0.0	2.0
P53_308_323		1.0	1.0	1.0	1.0	4.0	0.0	1.0	1.0	2.0	6.0	-1.0	-1.0	2.0	3.0	6.0	1.0	0.0	2.0	4.0	6.0	0.0	0.0	2.0	2.0	6.0	0.0	0.0	1.0	3.0	7.0	0.0	1.0	4.0	3.0	7.0	1.0	0.0	3.0	2.0	6.0	0.0	0.0	0.0	1.0	5.0	2.0	2.0	1.0	3.0	6.0	0.0	0.0	0.0	2.0	6.0	0.0	0.0	3.0	2.0	3.0
RB_350_362		0.0	0.0	2.0	5.0	8.0	-1.0	0.0	2.0	5.0	9.0	1.0	1.0	2.0	5.0	10.0	2.0	1.0	3.0	5.0	7.0	1.0	1.0	3.0	5.0	8.0	1.0	0.0	2.0	4.0	6.0	1.0	1.0	2.0	4.0	9.0	0.0	1.0	3.0	6.0	9.0	0.0	1.0	4.0	6.0	9.0	0.0	3.0	2.0	4.0	9.0	1.0	1.0	4.0	4.0	9.0	1.0	1.0	1.0	3.0	7.0
TOP2A_1463_1475		1.0	1.0	2.0	7.0	13.0	1.0	2.0	7.0	13.0	29.0	3.0	5.0	11.0	22.0	42.0	0.0	2.0	5.0	12.0	21.0	1.0	3.0	5.0	12.0	21.0	0.0	3.0	5.0	11.0	22.0	3.0	4.0	9.0	18.0	36.0	3.0	3.0	9.0	13.0	32.0	1.0	2.0	7.0	13.0	25.0	2.0	1.0	8.0	18.0	41.0	1.0	3.0	7.0	13.0	24.0	1.0	2.0	6.0	12.0	21.0
E1A_ADE05_212_224		4.0	5.0	14.0	27.0	57.0	14.0	28.0	68.0	138.0	276.0	12.0	23.0	59.0	119.0	237.0	8.0	14.0	37.0	75.0	152.0	6.0	13.0	35.0	68.0	139.0	9.0	19.0	44.0	87.0	173.0	15.0	29.0	73.0	147.0	292.0	9.0	19.0	50.0	99.0	200.0	8.0	17.0	45.0	92.0	184.0	10.0	27.0	63.0	126.0	252.0	7.0	15.0	40.0	85.0	169.0	8.0	17.0	41.0	79.0	163.0
PLM_76_88		0.0	1.0	2.0	3.0	7.0	-1.0	-1.0	2.0	3.0	9.0	0.0	0.0	2.0	3.0	7.0	-1.0	1.0	2.0	3.0	7.0	0.0	0.0	1.0	1.0	7.0	1.0	1.0	1.0	2.0	8.0	0.0	-2.0	1.0	3.0	6.0	1.0	1.0	1.0	4.0	6.0	0.0	-1.0	0.0	4.0	5.0	-1.0	2.0	1.0	5.0	8.0	1.0	1.0	1.0	3.0	8.0	0.0	0.0	1.0	3.0	6.0
KAP3_107_119		3.0	6.0	14.0	28.0	58.0	4.0	10.0	23.0	47.0	98.0	6.0	11.0	26.0	51.0	105.0	3.0	11.0	22.0	46.0	95.0	6.0	11.0	21.0	43.0	93.0	0.0	8.0	19.0	39.0	80.0	3.0	8.0	16.0	34.0	66.0	5.0	11.0	29.0	59.0	115.0	6.0	9.0	22.0	48.0	90.0	5.0	11.0	27.0	56.0	115.0	5.0	8.0	21.0	43.0	91.0	4.0	9.0	19.0	40.0	85.0
ANXA1_209_221		1.0	-1.0	0.0	0.0	1.0	-2.0	-1.0	0.0	0.0	0.0	0.0	0.0	1.0	-1.0	4.0	-2.0	-1.0	0.0	2.0	1.0	0.0	0.0	3.0	1.0	10.0	1.0	1.0	0.0	2.0	0.0	0.0	-1.0	0.0	2.0	5.0	0.0	-1.0	1.0	-2.0	4.0	1.0	1.0	2.0	4.0	12.0	-2.0	1.0	-1.0	0.0	10.0	0.0	0.0	1.0	-3.0	2.0	-1.0	-2.0	-1.0	4.0	2.0
CDC2_154_169		1.0	1.0	2.0	3.0	10.0	1.0	-1.0	2.0	3.0	8.0	0.0	0.0	1.0	4.0	8.0	0.0	1.0	2.0	4.0	11.0	1.0	1.0	2.0	4.0	9.0	0.0	2.0	2.0	5.0	8.0	0.0	3.0	1.0	3.0	8.0	1.0	1.0	2.0	5.0	9.0	1.0	1.0	4.0	4.0	7.0	1.0	1.0	3.0	5.0	6.0	-1.0	0.0	3.0	2.0	9.0	0.0	0.0	1.0	1.0	9.0
ERF_519_531		0.0	0.0	-1.0	2.0	3.0	-1.0	-1.0	0.0	1.0	2.0	-1.0	1.0	2.0	2.0	3.0	-1.0	1.0	0.0	2.0	1.0	0.0	2.0	0.0	2.0	1.0	0.0	0.0	1.0	1.0	0.0	0.0	1.0	3.0	0.0	3.0	1.0	0.0	1.0	1.0	4.0	0.0	1.0	-1.0	1.0	3.0	0.0	0.0	0.0	0.0	2.0	2.0	1.0	2.0	0.0	4.0	-1.0	2.0	1.0	1.0	1.0
IF4E_203_215		2.0	0.0	3.0	5.0	12.0	1.0	2.0	4.0	6.0	12.0	1.0	1.0	3.0	8.0	12.0	0.0	1.0	4.0	5.0	12.0	1.0	1.0	3.0	6.0	11.0	0.0	1.0	2.0	7.0	13.0	1.0	3.0	4.0	7.0	11.0	1.0	2.0	3.0	6.0	12.0	2.0	1.0	5.0	8.0	16.0	1.0	1.0	3.0	8.0	16.0	1.0	1.0	1.0	6.0	14.0	0.0	1.0	4.0	6.0	12.0
KPCB_626_639		1.0	3.0	0.0	4.0	5.0	0.0	2.0	1.0	4.0	4.0	1.0	2.0	1.0	3.0	7.0	0.0	0.0	1.0	4.0	7.0	0.0	0.0	0.0	0.0	7.0	0.0	1.0	0.0	4.0	8.0	1.0	0.0	2.0	3.0	8.0	2.0	1.0	1.0	5.0	7.0	0.0	0.0	2.0	3.0	5.0	0.0	2.0	3.0	4.0	6.0	0.0	2.0	3.0	4.0	8.0	2.0	1.0	0.0	4.0	6.0
MPIP1_172_184		1.0	1.0	5.0	11.0	25.0	2.0	4.0	7.0	16.0	32.0	2.0	3.0	7.0	13.0	29.0	2.0	2.0	8.0	13.0	29.0	3.0	2.0	6.0	15.0	29.0	2.0	2.0	8.0	15.0	28.0	1.0	4.0	8.0	13.0	28.0	-1.0	0.0	6.0	12.0	28.0	2.0	3.0	10.0	18.0	34.0	1.0	3.0	10.0	17.0	34.0	0.0	2.0	7.0	12.0	24.0	1.0	3.0	7.0	13.0	23.0
PDE5A_95_107		0.0	1.0	1.0	2.0	3.0	0.0	-1.0	0.0	2.0	0.0	0.0	0.0	0.0	1.0	3.0	0.0	0.0	-1.0	1.0	3.0	0.0	0.0	1.0	1.0	4.0	1.0	0.0	0.0	0.0	2.0	1.0	0.0	0.0	2.0	4.0	0.0	1.0	-1.0	0.0	3.0	-1.0	-1.0	0.0	2.0	3.0	0.0	0.0	2.0	2.0	3.0	1.0	-1.0	1.0	2.0	3.0	1.0	2.0	-1.0	0.0	2.0
RB_774_786		1.0	-1.0	1.0	3.0	4.0	-1.0	0.0	1.0	4.0	5.0	1.0	0.0	2.0	2.0	5.0	0.0	0.0	1.0	2.0	5.0	-1.0	0.0	1.0	4.0	3.0	1.0	-1.0	-1.0	3.0	4.0	-1.0	-1.0	0.0	2.0	5.0	0.0	1.0	1.0	3.0	3.0	-1.0	2.0	2.0	3.0	5.0	-1.0	0.0	1.0	3.0	5.0	1.0	1.0	0.0	1.0	3.0	-1.0	0.0	1.0	3.0	2.0
VASP_150_162		-1.0	0.0	-1.0	0.0	1.0	1.0	-1.0	1.0	1.0	3.0	0.0	1.0	2.0	5.0	6.0	0.0	0.0	1.0	1.0	1.0	0.0	1.0	-1.0	0.0	2.0	1.0	1.0	0.0	1.0	4.0	1.0	1.0	3.0	6.0	7.0	1.0	0.0	1.0	2.0	5.0	-1.0	0.0	0.0	2.0	2.0	0.0	1.0	0.0	2.0	5.0	1.0	1.0	1.0	2.0	3.0	-1.0	1.0	0.0	0.0	3.0
EPB42_241_253		2.0	4.0	6.0	11.0	22.0	1.0	3.0	7.0	15.0	32.0	2.0	2.0	8.0	14.0	26.0	0.0	1.0	5.0	11.0	23.0	1.0	3.0	6.0	12.0	24.0	1.0	3.0	5.0	10.0	25.0	1.0	2.0	4.0	5.0	10.0	1.0	3.0	6.0	13.0	24.0	1.0	5.0	4.0	14.0	26.0	1.0	3.0	6.0	11.0	24.0	0.0	2.0	7.0	10.0	22.0	2.0	0.0	3.0	9.0	17.0
PTN12_32_44		1.0	3.0	5.0	11.0	20.0	1.0	3.0	8.0	15.0	34.0	3.0	4.0	10.0	20.0	39.0	2.0	3.0	3.0	11.0	22.0	1.0	4.0	5.0	14.0	27.0	2.0	2.0	6.0	14.0	27.0	2.0	3.0	7.0	12.0	26.0	3.0	2.0	8.0	14.0	33.0	2.0	2.0	6.0	15.0	31.0	0.0	4.0	8.0	19.0	41.0	0.0	3.0	8.0	16.0	31.0	1.0	2.0	5.0	11.0	23.0
KCNA6_504_516		-1.0	1.0	2.0	3.0	8.0	1.0	2.0	3.0	9.0	21.0	2.0	6.0	11.0	19.0	43.0	1.0	1.0	3.0	7.0	13.0	2.0	0.0	3.0	9.0	23.0	0.0	1.0	2.0	8.0	13.0	2.0	3.0	10.0	18.0	36.0	2.0	4.0	6.0	14.0	28.0	0.0	0.0	6.0	10.0	18.0	3.0	4.0	11.0	19.0	39.0	1.0	2.0	6.0	12.0	23.0	2.0	2.0	2.0	8.0	17.0
pVASP_150_164		188.0	374.0	928.0	1846.0	3629.0	260.0	519.0	1293.0	2525.0	3715.0	247.0	498.0	1236.0	2429.0	3731.0	235.0	465.0	1155.0	2255.0	3742.0	208.0	405.0	1011.0	2021.0	3721.0	238.0	476.0	1187.0	2324.0	3695.0	253.0	497.0	1242.0	2461.0	3701.0	242.0	475.0	1191.0	2321.0	3717.0	243.0	494.0	1237.0	2434.0	3673.0	261.0	523.0	1281.0	2525.0	3681.0	245.0	481.0	1182.0	2369.0	3713.0	225.0	450.0	1105.0	2157.0	3694.0
CDK7_163_175		1.0	1.0	4.0	9.0	21.0	1.0	1.0	5.0	12.0	22.0	1.0	1.0	5.0	12.0	23.0	0.0	1.0	6.0	14.0	28.0	0.0	-1.0	4.0	9.0	17.0	1.0	2.0	4.0	8.0	18.0	0.0	2.0	4.0	8.0	19.0	1.0	2.0	7.0	17.0	41.0	-1.0	3.0	7.0	15.0	31.0	2.0	3.0	9.0	17.0	39.0	-1.0	2.0	8.0	17.0	35.0	4.0	3.0	11.0	18.0	36.0
ESR1_160_172		2.0	3.0	7.0	15.0	29.0	4.0	7.0	21.0	41.0	85.0	6.0	9.0	20.0	40.0	84.0	2.0	6.0	14.0	28.0	59.0	1.0	5.0	12.0	26.0	53.0	2.0	9.0	19.0	40.0	79.0	5.0	10.0	24.0	47.0	98.0	3.0	8.0	17.0	36.0	72.0	5.0	7.0	18.0	38.0	75.0	6.0	10.0	26.0	52.0	105.0	4.0	5.0	18.0	36.0	73.0	4.0	6.0	15.0	30.0	64.0
IKBA_26_38		-1.0	2.0	0.0	0.0	2.0	0.0	2.0	0.0	-1.0	1.0	0.0	0.0	0.0	1.0	2.0	1.0	0.0	0.0	0.0	2.0	0.0	-1.0	-1.0	-1.0	2.0	0.0	1.0	-1.0	1.0	1.0	-1.0	0.0	0.0	-1.0	3.0	-1.0	0.0	2.0	-1.0	1.0	-1.0	2.0	0.0	-1.0	2.0	-1.0	0.0	0.0	1.0	1.0	0.0	0.0	1.0	3.0	3.0	0.0	1.0	0.0	1.0	1.0
KS6A1_374_386		1.0	3.0	7.0	15.0	35.0	2.0	4.0	8.0	17.0	35.0	3.0	4.0	9.0	18.0	35.0	3.0	3.0	10.0	20.0	43.0	1.0	4.0	8.0	16.0	31.0	1.0	3.0	9.0	16.0	33.0	3.0	4.0	8.0	20.0	40.0	3.0	3.0	7.0	18.0	40.0	2.0	4.0	11.0	21.0	45.0	1.0	4.0	9.0	20.0	40.0	2.0	4.0	9.0	20.0	38.0	2.0	5.0	8.0	17.0	39.0
MPIP3_208_220		-1.0	1.0	2.0	4.0	8.0	0.0	0.0	3.0	5.0	11.0	2.0	1.0	2.0	3.0	7.0	3.0	2.0	3.0	4.0	11.0	0.0	2.0	2.0	5.0	10.0	0.0	2.0	2.0	5.0	9.0	1.0	-1.0	3.0	4.0	8.0	2.0	2.0	4.0	7.0	13.0	1.0	2.0	3.0	5.0	12.0	0.0	1.0	3.0	5.0	14.0	0.0	2.0	3.0	6.0	11.0	1.0	1.0	2.0	5.0	13.0
PDPK1_27_39		0.0	0.0	1.0	1.0	3.0	0.0	1.0	1.0	1.0	2.0	0.0	-1.0	0.0	0.0	4.0	1.0	1.0	2.0	2.0	1.0	0.0	-1.0	1.0	0.0	3.0	1.0	1.0	-1.0	0.0	1.0	1.0	0.0	2.0	0.0	0.0	0.0	1.0	-1.0	2.0	0.0	-1.0	0.0	1.0	1.0	1.0	1.0	0.0	1.0	0.0	2.0	0.0	1.0	1.0	-1.0	0.0	0.0	-1.0	1.0	1.0	1.0
RB_803_815		1.0	1.0	5.0	13.0	27.0	1.0	5.0	11.0	22.0	49.0	2.0	3.0	10.0	20.0	41.0	2.0	4.0	9.0	18.0	36.0	2.0	3.0	10.0	17.0	35.0	1.0	3.0	9.0	22.0	39.0	1.0	2.0	8.0	16.0	33.0	0.0	4.0	12.0	22.0	43.0	1.0	4.0	9.0	19.0	40.0	2.0	5.0	11.0	26.0	49.0	2.0	3.0	10.0	19.0	37.0	2.0	3.0	10.0	19.0	36.0
VASP_232_244		2.0	0.0	2.0	1.0	5.0	1.0	1.0	2.0	1.0	5.0	0.0	0.0	1.0	1.0	3.0	1.0	0.0	1.0	4.0	3.0	0.0	0.0	1.0	0.0	2.0	-2.0	0.0	1.0	2.0	4.0	1.0	1.0	2.0	4.0	7.0	-1.0	0.0	1.0	2.0	5.0	-1.0	1.0	2.0	4.0	3.0	0.0	1.0	0.0	0.0	3.0	0.0	0.0	0.0	4.0	3.0	1.0	-1.0	1.0	2.0	1.0
GBRB2_427_439		2.0	2.0	6.0	12.0	20.0	0.0	5.0	13.0	26.0	52.0	3.0	6.0	15.0	26.0	54.0	1.0	4.0	8.0	14.0	31.0	0.0	4.0	12.0	20.0	36.0	2.0	2.0	10.0	18.0	34.0	1.0	2.0	6.0	12.0	25.0	2.0	4.0	12.0	23.0	47.0	2.0	5.0	10.0	20.0	40.0	1.0	6.0	15.0	29.0	60.0	2.0	5.0	10.0	17.0	38.0	1.0	4.0	8.0	17.0	32.0
PYGL_8_20		2.0	4.0	6.0	12.0	21.0	0.0	2.0	6.0	11.0	26.0	1.0	3.0	6.0	12.0	24.0	0.0	3.0	6.0	11.0	23.0	-1.0	3.0	6.0	13.0	26.0	0.0	2.0	5.0	11.0	22.0	0.0	2.0	3.0	7.0	12.0	2.0	2.0	6.0	9.0	22.0	2.0	0.0	6.0	11.0	24.0	1.0	3.0	6.0	9.0	22.0	1.0	2.0	4.0	10.0	19.0	1.0	1.0	5.0	9.0	18.0
TY3H_65_77		-1.0	1.0	3.0	4.0	4.0	1.0	1.0	1.0	1.0	4.0	1.0	1.0	4.0	6.0	11.0	0.0	0.0	1.0	1.0	3.0	0.0	2.0	2.0	4.0	5.0	1.0	0.0	0.0	2.0	3.0	1.0	1.0	2.0	4.0	9.0	1.0	1.0	4.0	6.0	10.0	2.0	1.0	2.0	2.0	7.0	0.0	2.0	3.0	4.0	12.0	1.0	-1.0	1.0	2.0	8.0	-1.0	1.0	1.0	3.0	6.0